-total num of scheduling:4219
-avg overhead:3.07628205736e-06
6 7  6.116e-06
6 4  2.047e-06
6 3  3.011e-06
6 2  1.971e-06
6 0  2.362e-06
6 7  1.92e-06
6 3  2.253e-06
6 2  1.717e-06
6 4  2.01e-06
6 0  1.71e-06
6 2  1.959e-06
6 4  5.367e-06
6 3  1.98e-06
6 0  1.856e-06
6 2  1.775e-06
6 4  1.459e-06
6 3  1.933e-06
6 0  1.656e-06
6 4  1.712e-06
6 3  1.749e-06
6 2  2.834e-06
6 0  1.686e-06
6 4  1.627e-06
6 3  5.985e-06
6 0  2.497e-06
6 2  2.127e-06
6 0  2.995e-06
6 3  1.777e-06
6 2  2.61e-06
6 4  2.049e-06
6 3  1.885e-06
6 0  1.677e-06
6 4  1.705e-06
6 2  1.764e-06
6 4  1.728e-06
6 0  5.413e-06
6 3  2.349e-06
6 2  3.396e-06
6 2  1.79e-06
6 0  4.658e-06
6 3  1.336e-06
6 4  1.767e-06
6 4  2.747e-06
6 2  2.784e-06
6 0  2.58e-06
6 3  1.717e-06
6 2  1.55e-06
6 3  1.569e-06
6 4  1.445e-06
6 0  1.966e-06
6 4  7.828e-06
6 0  1.667e-06
6 2  1.266e-06
6 3  1.79e-06
6 4  1.694e-06
6 2  4.961e-06
6 3  1.465e-06
6 0  1.924e-06
6 2  5.12e-06
6 3  1.58e-06
6 4  1.862e-06
6 0  1.525e-06
6 4  1.1845e-05
6 0  5.563e-06
6 3  2.177e-06
6 2  1.449e-06
6 0  1.579e-06
6 3  1.919e-06
6 4  1.569e-06
6 2  1.677e-06
6 4  2.046e-06
6 2  1.867e-06
6 3  1.302e-06
6 0  2.719e-06
6 0  1.719e-06
6 2  1.477e-06
6 3  1.6e-06
6 4  2.916e-06
6 4  1.814e-06
6 2  4.896e-06
6 0  1.564e-06
6 3  1.701e-06
6 0  8.895e-06
6 2  2.014e-06
6 3  1.346e-06
6 4  2.915e-06
6 2  2.234e-06
6 4  3.041e-06
6 0  1.877e-06
6 3  2.545e-06
6 4  1.708e-06
6 0  2.751e-06
6 3  5.859e-06
6 2  1.957e-06
6 3  1.4116e-05
6 2  8e-06
6 0  1.728e-06
6 4  1.262e-06
6 0  5.208e-06
6 4  1.73e-06
6 3  1.287e-06
6 2  1.653e-06
6 2  5.932e-06
6 0  1.972e-06
6 3  1.246e-06
6 4  1.664e-06
6 4  1.4846e-05
6 2  9.626e-06
6 0  5.703e-06
6 3  2.294e-06
6 0  1.652e-06
6 0  1.749e-06
6 3  8.563e-06
6 4  1.485e-06
6 2  1.203e-06
6 3  9.066e-06
6 4  5.595e-06
6 2  1.937e-06
6 0  1.987e-06
6 2  1.782e-06
6 3  1.505e-06
6 0  2.194e-06
6 4  2.847e-06
6 3  1.612e-06
6 0  5.013e-06
6 4  1.719e-06
6 2  1.973e-06
6 0  9.177e-06
6 4  5.633e-06
6 2  1.667e-06
6 3  1.571e-06
6 3  1.592e-06
6 0  1.479e-06
6 2  1.702e-06
6 4  1.349e-06
6 4  1.809e-06
6 3  1.2123e-05
6 0  1.517e-06
6 2  2.841e-06
6 3  1.442e-06
6 4  6.385e-06
6 0  2.804e-06
6 2  3.623e-06
6 3  8.87e-06
6 0  4.973e-06
6 4  1.61e-06
6 3  1.258e-06
6 4  3.73e-06
6 3  2.372e-06
6 4  1.251e-06
6 3  1.617e-06
6 3  2.225e-06
6 4  4.003e-06
6 3  1.454e-06
6 4  3.62199999999e-06
6 4  1.245e-06
6 3  3.476e-06
6 3  4.483e-06
6 4  1.485e-06
6 3  1.453e-06
6 4  1.366e-06
6 4  4.214e-06
6 3  1.484e-06
6 3  4.226e-06
6 4  1.322e-06
6 4  4.142e-06
6 3  1.564e-06
6 3  4.93e-06
6 4  1.431e-06
6 3  2.216e-06
6 4  1.55e-06
6 4  1.284e-06
6 3  3.013e-06
6 4  4.267e-06
6 3  1.504e-06
6 4  2.081e-06
6 3  1.346e-06
6 3  1.484e-06
6 4  2.413e-06
6 3  1.517e-06
6 4  1.557e-06
6 4  3.981e-06
6 3  1.34e-06
6 4  4.298e-06
6 3  1.31699999999e-06
6 4  1.542e-06
6 3  3.198e-06
6 4  1.473e-06
6 3  2.189e-06
6 3  4.432e-06
6 4  1.349e-06
6 3  4.398e-06
6 4  1.442e-06
6 4  4.143e-06
6 3  1.39e-06
6 3  2.257e-06
6 4  1.324e-06
6 3  1.322e-06
6 4  2.612e-06
6 3  5.361e-06
6 4  1.591e-06
6 3  4.159e-06
6 4  1.412e-06
6 4  4.112e-06
6 3  1.332e-06
6 3  4.303e-06
6 4  1.357e-06
6 3  1.43e-06
6 4  2.376e-06
6 3  1.146e-06
6 4  2.056e-06
6 3  3.941e-06
6 4  1.257e-06
6 4  2.401e-06
6 4  2.332e-06
6 4  2.159e-06
6 5  2.641e-06
6 5  1.354e-06
6 4  3.12099999999e-06
6 4  4.533e-06
6 5  1.577e-06
6 5  4.249e-06
6 4  1.395e-06
6 4  1.28200000001e-06
6 5  3.15400000001e-06
6 5  4.484e-06
6 4  1.746e-06
6 4  1.477e-06
6 4  1.237e-06
6 5  1.21800000001e-06
6 4  1.477e-06
6 5  3.159e-06
6 4  4.846e-06
6 5  1.373e-06
6 5  4.106e-06
6 4  1.424e-06
6 4  4.384e-06
6 5  1.43400000001e-06
6 4  1.478e-06
6 5  2.70399999999e-06
6 5  2.44299999999e-06
6 4  2.579e-06
6 5  2.43400000001e-06
6 4  2.117e-06
6 4  1.512e-06
6 5  1.40999999999e-06
6 5  1.22499999999e-06
6 4  3.304e-06
6 4  6.37000000001e-06
6 5  2.72400000001e-06
6 5  2.478e-06
6 4  2.216e-06
6 4  1.467e-06
6 5  2.27999999999e-06
6 5  4.44400000001e-06
6 4  1.368e-06
6 5  4.808e-06
6 4  1.35400000001e-06
6 5  4.13299999999e-06
6 4  1.285e-06
6 5  4.02400000001e-06
6 4  1.27e-06
6 4  2.456e-06
6 5  1.367e-06
6 4  1.85100000001e-06
6 5  2.73599999999e-06
6 5  1.79e-06
6 4  1.35500000001e-06
6 5  4.639e-06
6 4  1.32999999999e-06
6 4  4.16299999999e-06
6 5  1.35699999999e-06
6 4  1.299e-06
6 5  1.405e-06
6 4  2.39199999999e-06
6 5  8.49000000011e-07
6 4  5.931e-06
6 5  1.397e-06
6 4  1.629e-06
6 5  2.75199999999e-06
6 4  4.086e-06
6 5  1.3e-06
6 5  1.37900000001e-06
6 4  1.292e-06
6 4  1.506e-06
6 5  1.22499999999e-06
6 5  1.65999999999e-06
6 4  2.38699999999e-06
6 5  4.666e-06
6 4  1.34e-06
6 5  4.04599999999e-06
6 4  1.457e-06
6 4  4.83899999999e-06
6 5  1.547e-06
6 5  2.507e-06
6 4  1.43899999999e-06
6 4  1.588e-06
6 5  2.665e-06
6 5  1.813e-06
6 4  2.43e-06
6 4  4.412e-06
6 5  1.497e-06
6 5  4.07899999999e-06
6 4  1.322e-06
6 5  4.83700000001e-06
6 4  1.30500000001e-06
6 4  1.38100000001e-06
6 5  2.22699999999e-06
6 4  5.41600000001e-06
6 5  1.44199999999e-06
6 4  2.53e-06
6 5  1.35800000001e-06
6 5  1.32700000001e-06
6 4  3.349e-06
6 5  2.54599999999e-06
6 4  1.42e-06
6 4  5.036e-06
6 5  1.455e-06
6 4  1.577e-06
6 5  1.30800000001e-06
6 5  1.419e-06
6 4  3.793e-06
6 5  2.294e-06
6 7  4.327e-06
6 5  1.37e-06
6 7  1.239e-06
6 5  2.238e-06
6 5  2.49199999999e-06
6 5  1.64600000001e-06
6 7  2.19500000001e-06
6 5  4.25400000001e-06
6 7  1.261e-06
6 7  4.24600000001e-06
6 5  1.377e-06
6 7  4.46800000001e-06
6 5  1.28599999999e-06
6 7  1.402e-06
6 5  2.319e-06
6 5  5.133e-06
6 7  2.055e-06
6 5  5.07e-06
6 7  1.696e-06
6 7  1.292e-06
6 5  3.539e-06
6 5  1.415e-06
6 7  1.231e-06
6 7  1.581e-06
6 5  2.93799999999e-06
6 5  1.374e-06
6 7  2.216e-06
6 5  4.27e-06
6 7  1.427e-06
6 7  5.016e-06
6 5  1.32999999999e-06
6 7  2.766e-06
6 7  2.33399999999e-06
6 5  1.337e-06
6 5  1.731e-06
6 7  3.609e-06
6 5  2.365e-06
6 7  1.314e-06
6 7  1.39e-06
6 5  3.14900000001e-06
6 7  2.711e-06
6 5  1.552e-06
6 5  1.17000000001e-06
6 7  2.951e-06
6 5  1.557e-06
6 7  2.62199999999e-06
6 7  1.392e-06
6 5  3.04e-06
6 5  4.49e-06
6 7  1.37e-06
6 5  1.1886e-05
6 7  2.293e-06
6 5  1.51299999999e-06
6 7  3.60599999999e-06
6 5  1.204e-06
6 7  2.23100000002e-06
6 7  4.421e-06
6 5  1.38100000002e-06
6 7  2.422e-06
6 5  2.52499999998e-06
6 5  1.67500000001e-06
6 7  2.37e-06
6 7  5.56999999998e-06
6 5  1.93400000001e-06
6 5  4.012e-06
6 7  1.47e-06
6 5  4.006e-06
6 7  1.56400000001e-06
6 5  4.333e-06
6 7  1.362e-06
6 7  4.898e-06
6 5  1.738e-06
6 5  4.636e-06
6 7  1.479e-06
6 7  9.864e-06
6 5  2.34600000001e-06
6 7  1.27500000002e-06
6 5  3.78000000001e-06
6 5  2.29699999998e-06
6 7  1.43699999999e-06
6 7  1.51000000001e-06
6 5  1.44300000002e-06
6 5  1.28499999999e-06
6 7  1.371e-06
6 5  1.49600000002e-06
6 7  2.433e-06
6 7  5.02600000002e-06
6 5  1.376e-06
6 5  4.33599999999e-06
6 7  1.54199999999e-06
6 5  1.30500000001e-06
6 7  2.67600000001e-06
6 7  1.33199999999e-06
6 5  1.33899999999e-06
6 7  4.24400000001e-06
6 5  1.531e-06
6 7  4.30299999998e-06
6 5  1.35599999998e-06
6 7  5.39099999999e-06
6 5  1.684e-06
6 7  1.36799999997e-06
6 5  2.639e-06
6 5  4.752e-06
6 7  1.66400000001e-06
6 7  1.50399999999e-06
6 5  2.94999999997e-06
6 5  1.54099999999e-06
6 7  1.44399999999e-06
6 7  2.29899999998e-06
6 5  1.264e-06
6 5  1.33899999999e-06
6 7  1.577e-06
6 7  2.30899999998e-06
6 5  1.315e-06
6 5  1.34000000002e-06
6 7  4.19499999998e-06
6 7  4.03699999998e-06
6 5  1.29499999998e-06
6 5  1.70700000002e-06
6 7  1.33099999999e-06
6 5  1.376e-06
6 7  2.419e-06
6 7  4.368e-06
6 5  1.60299999999e-06
6 7  1.51399999998e-06
6 5  2.45100000001e-06
6 7  1.43399999999e-06
6 5  1.45200000001e-06
6 5  1.97199999999e-06
6 7  2.27799999999e-06
6 7  6.65799999999e-06
6 5  1.471e-06
6 7  4.29400000002e-06
6 5  1.61200000001e-06
6 7  4.14899999998e-06
6 5  1.29700000001e-06
6 5  1.45900000001e-06
6 7  1.81899999999e-06
6 5  3.99800000001e-06
6 7  1.271e-06
6 5  1.46500000001e-06
6 7  2.77899999998e-06
6 7  4.531e-06
6 5  1.48e-06
6 7  5.271e-06
6 5  1.421e-06
6 7  5.433e-06
6 5  2.24199999999e-06
6 5  4.67800000001e-06
6 7  1.23099999999e-06
6 5  4.109e-06
6 7  1.477e-06
6 7  4.324e-06
6 5  1.29199999999e-06
6 5  4.211e-06
6 7  1.475e-06
6 5  4.14300000001e-06
6 7  1.322e-06
6 7  2.40600000001e-06
6 5  1.39700000001e-06
6 7  1.40899999998e-06
6 5  2.794e-06
6 5  6.01e-06
6 7  1.47e-06
6 5  4.479e-06
6 7  1.49799999999e-06
6 7  1.27700000002e-06
6 5  1.523e-06
6 5  4.09299999998e-06
6 7  1.375e-06
6 5  1.17899999999e-06
6 7  2.44499999999e-06
6 7  4.386e-06
6 5  1.43400000002e-06
6 7  4.49699999999e-06
6 5  1.60099999999e-06
6 5  4.71600000002e-06
6 7  1.535e-06
6 7  4.644e-06
6 5  1.61900000001e-06
6 7  4.806e-06
6 5  1.38e-06
6 7  1.38399999999e-06
6 5  2.326e-06
6 7  2.44199999999e-06
6 5  1.376e-06
6 5  1.50799999998e-06
6 7  3.70299999999e-06
6 7  2.30900000001e-06
6 5  2.52100000001e-06
6 5  2.72699999998e-06
6 7  2.66300000001e-06
6 5  1.33999999999e-06
6 7  1.323e-06
6 5  1.33999999999e-06
6 7  2.76400000002e-06
6 7  4.14499999998e-06
6 5  1.275e-06
6 5  2.366e-06
6 7  1.52e-06
6 7  2.39200000002e-06
6 5  2.57399999998e-06
6 7  1.427e-06
6 5  2.55399999999e-06
6 7  4.09400000001e-06
6 5  1.59399999999e-06
6 5  2.34700000001e-06
6 7  1.49799999999e-06
6 7  1.23799999999e-06
6 5  3.40600000001e-06
6 5  4.955e-06
6 7  1.77900000001e-06
6 5  4.75000000003e-06
6 7  1.43699999999e-06
6 5  1.521e-06
6 7  2.46600000001e-06
6 7  2.18199999999e-06
6 5  1.32799999999e-06
6 5  1.43699999999e-06
6 7  3.056e-06
6 7  4.433e-06
6 5  1.59300000002e-06
6 7  4.19900000001e-06
6 5  1.50799999998e-06
6 5  1.33999999999e-06
6 7  1.29200000001e-06
6 5  1.43399999999e-06
6 7  3.421e-06
6 7  4.39500000002e-06
6 5  1.688e-06
6 7  4.04099999998e-06
6 5  1.25200000001e-06
6 5  4.24299999999e-06
6 7  1.28699999999e-06
6 5  2.51200000001e-06
6 7  1.312e-06
6 7  1.35900000001e-06
6 5  3.33e-06
6 5  4.10599999998e-06
6 7  1.31499999997e-06
6 7  4.164e-06
6 5  1.33599999999e-06
6 7  1.40100000001e-06
6 5  2.70700000002e-06
6 5  1.60499999999e-06
6 7  3.536e-06
6 7  4.534e-06
6 5  1.58e-06
6 5  2.12899999999e-06
6 7  1.428e-06
6 7  1.535e-06
6 5  3.78000000001e-06
6 5  4.40900000001e-06
6 7  1.29900000001e-06
6 7  1.49199999999e-06
6 5  1.478e-06
6 5  1.267e-06
6 7  3.64999999999e-06
6 7  4.52200000001e-06
6 5  1.49899999999e-06
6 7  3.81799999999e-06
6 5  1.325e-06
6 5  4.30000000001e-06
6 7  1.43500000002e-06
6 7  4.17999999999e-06
6 5  1.44799999999e-06
6 5  2.34899999998e-06
6 7  3.805e-06
6 7  4.166e-06
6 5  1.312e-06
6 5  4.531e-06
6 7  1.49900000002e-06
6 5  4.386e-06
6 7  1.54599999999e-06
6 7  1.54899999999e-06
6 5  2.39299999999e-06
6 7  2.642e-06
6 5  1.30300000001e-06
6 7  1.51299999998e-06
6 5  2.49799999999e-06
6 7  4.754e-06
6 5  1.72400000001e-06
6 7  1.634e-06
6 5  3.18699999999e-06
6 7  4.26099999998e-06
6 5  1.34699999998e-06
6 7  1.18200000002e-06
6 5  1.34699999998e-06
6 7  5.02899999999e-06
6 5  2.12899999999e-06
6 7  1.41000000001e-06
6 5  2.419e-06
6 7  6.178e-06
6 5  2.17199999999e-06
6 5  4.39399999999e-06
6 7  1.375e-06
6 7  4.09200000001e-06
6 5  1.34699999998e-06
6 5  2.24700000001e-06
6 7  2.50200000002e-06
6 7  1.59e-06
6 5  2.49499999999e-06
6 5  6.274e-06
6 7  2.50899999998e-06
6 5  4.62199999998e-06
6 7  1.956e-06
6 7  4.28299999999e-06
6 5  1.54900000002e-06
6 5  8.30299999999e-06
6 7  4.752e-06
6 1  1.525e-06
6 5  1.46600000001e-06
6 1  6.08199999999e-06
6 7  2.75199999999e-06
6 7  1.66599999998e-06
6 1  2.41200000001e-06
6 5  1.55500000001e-06
6 5  9.13700000002e-06
6 7  4.60499999999e-06
6 1  1.56799999998e-06
6 5  4.55399999999e-06
6 7  1.54099999999e-06
6 1  1.44700000002e-06
6 5  1.70900000002e-06
6 7  2.69e-06
6 1  2.312e-06
6 5  1.77499999998e-06
6 1  1.23699999999e-06
6 7  1.67299999998e-06
6 7  6.45800000001e-06
6 5  1.943e-06
6 1  3.946e-06
6 7  8.446e-06
6 1  1.77499999998e-06
6 5  1.20300000001e-06
6 1  1.367e-06
6 5  1.38399999999e-06
6 7  1.65899999999e-06
6 7  9.172e-06
6 5  1.485e-06
6 1  2.88900000001e-06
6 1  1.537e-06
6 7  1.92400000001e-06
6 5  1.80900000002e-06
6 5  9.491e-06
6 7  4.67600000001e-06
6 1  1.521e-06
6 1  1.61500000001e-06
6 7  1.468e-06
6 5  1.51000000001e-06
6 5  4.57699999998e-06
6 1  1.48000000003e-06
6 7  1.56600000001e-06
6 5  4.48e-06
6 1  1.64e-06
6 7  2.51000000001e-06
6 5  1.66800000001e-06
6 7  2.38299999999e-06
6 1  1.472e-06
6 1  1.88999999998e-06
6 7  1.46999999998e-06
6 5  2.482e-06
6 1  1.56100000001e-06
6 5  4.62799999998e-06
6 7  1.48899999999e-06
6 5  1.425e-06
6 1  2.38599999999e-06
6 7  1.64499999999e-06
6 1  8.547e-06
6 5  4.56600000001e-06
6 7  1.50200000001e-06
6 5  1.66700000001e-06
6 7  5.40100000002e-06
6 1  1.49499999999e-06
6 7  4.33800000002e-06
6 1  1.432e-06
6 5  1.41599999998e-06
6 5  8.45199999999e-06
6 7  2.09499999998e-06
6 1  1.54599999996e-06
6 5  4.11300000003e-06
6 1  1.30599999998e-06
6 7  1.627e-06
6 5  1.50700000001e-06
6 7  1.55699999999e-06
6 1  1.71700000001e-06
6 7  1.77200000001e-06
6 1  1.26e-06
6 5  1.46400000001e-06
6 5  8.43500000003e-06
6 1  5.10999999997e-06
6 7  1.45899999998e-06
6 1  1.59999999999e-06
6 7  4.46400000004e-06
6 5  1.47099999998e-06
6 7  4.51200000001e-06
6 1  1.59799999999e-06
6 5  2.56599999998e-06
6 1  8.62499999998e-06
6 5  4.64099999997e-06
6 7  1.46499999998e-06
6 7  1.50399999999e-06
6 1  1.423e-06
6 5  1.574e-06
6 5  8.87099999997e-06
6 1  4.64500000003e-06
6 7  1.54400000002e-06
6 1  1.27100000002e-06
6 5  1.29899999995e-06
6 7  1.94599999997e-06
6 1  4.83700000004e-06
6 5  1.92199999999e-06
6 7  1.71799999998e-06
6 1  4.055e-06
6 7  1.368e-06
6 5  1.476e-06
6 7  1.64399999997e-06
6 5  1.54200000002e-06
6 1  2.96e-06
6 1  1.98499999998e-06
6 7  2.86399999999e-06
6 5  2.80499999999e-06
6 1  1.39199999999e-06
6 5  6.55800000005e-06
6 7  3.57200000001e-06
6 1  1.39800000004e-06
6 5  1.78699999998e-06
6 7  1.39700000001e-06
6 7  1.61599999998e-06
6 1  1.65299999999e-06
6 5  2.37200000003e-06
6 7  1.80799999999e-06
6 1  1.213e-06
6 5  1.74200000003e-06
6 7  4.62300000004e-06
6 5  1.62500000001e-06
6 1  1.60399999999e-06
6 7  4.70800000002e-06
6 5  1.627e-06
6 1  2.12099999997e-06
6 5  4.02900000002e-06
6 1  1.24600000001e-06
6 7  1.63600000003e-06
6 1  1.40400000004e-06
6 7  1.50699999996e-06
6 5  1.15700000003e-06
6 5  1.93699999995e-06
6 7  5.37299999998e-06
6 1  1.20300000001e-06
6 5  5.09900000001e-06
6 7  1.53999999997e-06
6 1  1.54299999999e-06
6 1  1.48700000002e-06
6 5  1.35600000001e-06
6 7  2.61600000001e-06
6 5  1.55200000002e-06
6 1  2.56100000001e-06
6 7  1.45799999995e-06
6 1  1.55799999996e-06
6 7  5.68700000003e-06
6 5  2.53500000003e-06
6 1  1.63199999997e-06
6 5  1.54400000002e-06
6 7  1.38399999999e-06
6 1  4.62099999998e-06
6 5  1.639e-06
6 7  1.67499999998e-06
6 5  1.55099999999e-06
6 1  1.30199999998e-06
6 7  1.59399999999e-06
6 1  7.52300000001e-06
6 7  4.66099999996e-06
6 5  1.60700000001e-06
6 1  8.83400000001e-06
6 5  4.62800000001e-06
6 7  1.694e-06
6 7  1.46200000001e-06
6 1  2.63699999997e-06
6 5  2.14000000004e-06
6 7  1.49199999999e-06
6 5  1.34899999998e-06
6 1  1.55499999999e-06
6 1  1.66200000001e-06
6 7  2.59699999999e-06
6 5  1.33000000002e-06
6 7  4.40899999998e-06
6 1  1.45399999996e-06
6 5  1.53200000003e-06
6 5  1.65000000002e-06
6 1  4.96299999997e-06
6 7  1.18500000001e-06
6 7  1.588e-06
6 1  4.87499999996e-06
6 5  1.837e-06
6 1  4.29800000001e-06
6 5  1.34399999996e-06
6 7  1.59199999999e-06
6 1  1.73999999997e-06
6 7  2.693e-06
6 5  2.24700000001e-06
6 7  1.79899999997e-06
6 5  2.67100000001e-06
6 1  1.49500000002e-06
6 1  4.846e-06
6 7  1.62000000004e-06
6 5  2.28899999999e-06
6 7  5.47300000003e-06
6 5  2.51200000001e-06
6 7  1.23700000004e-06
6 5  2.34699999996e-06
6 7  1.38699999996e-06
6 5  2.25200000004e-06
6 7  2.30200000001e-06
6 5  1.81000000005e-06
6 7  1.309e-06
6 5  2.27000000003e-06
6 5  2.49299999999e-06
6 7  2.27899999999e-06
6 7  3.11700000005e-06
6 7  2.54900000002e-06
6 7  2.40700000004e-06
6 7  2.487e-06
6 7  2.49200000002e-06
6 7  2.74700000003e-06
6 5  2.19400000001e-06
6 5  2.14100000001e-06
6 5  1.13500000004e-06
6 5  2.25500000001e-06
6 5  2.049e-06
6 5  2.44699999996e-06
6 5  2.23699999996e-06
6 5  2.32699999997e-06
6 5  2.25700000001e-06
6 5  2.169e-06
6 5  1.95200000003e-06
6 5  2.269e-06
6 5  2.14100000001e-06
6 5  2.24300000001e-06
6 5  2.206e-06
6 5  1.23000000002e-06
6 5  2.45499999996e-06
6 5  2.56399999998e-06
6 5  2.32499999997e-06
6 5  2.13899999996e-06
6 5  2.32999999999e-06
6 5  1.88499999998e-06
6 5  2.21500000003e-06
6 5  2.23399999999e-06
6 5  2.13399999999e-06
6 5  2.65600000005e-06
6 4  4.60700000005e-06
6 5  1.36900000003e-06
6 5  2.50200000002e-06
6 4  3.16900000003e-06
6 5  2.10700000003e-06
6 4  1.51199999998e-06
6 5  2.45900000001e-06
6 4  3.221e-06
6 5  2.25800000003e-06
6 4  2.58800000003e-06
6 5  4.29099999999e-06
6 4  1.34499999999e-06
6 4  1.374e-06
6 5  2.636e-06
6 5  4.50100000005e-06
6 4  1.529e-06
6 4  4.39099999999e-06
6 5  1.30400000004e-06
6 5  4.45499999996e-06
6 4  1.28200000005e-06
6 4  1.44199999996e-06
6 5  2.47800000003e-06
6 5  1.26700000003e-06
6 4  3.13499999999e-06
6 4  1.99699999998e-06
6 5  1.52400000003e-06
6 5  1.264e-06
6 4  3.211e-06
6 4  5.05499999998e-06
6 5  1.52599999997e-06
6 5  4.33599999999e-06
6 4  1.68900000003e-06
6 4  4.07200000002e-06
6 5  1.21200000003e-06
6 5  4.428e-06
6 4  1.36699999997e-06
6 5  2.36300000001e-06
6 4  1.419e-06
6 5  1.0558e-05
6 4  2.53300000003e-06
6 5  2.64900000002e-06
6 4  1.82000000004e-06
6 5  8.09699999998e-06
6 4  4.97100000002e-06
6 7  1.57200000001e-06
6 4  8.79199999998e-06
6 5  4.80999999997e-06
6 7  1.47e-06
6 7  4.64900000002e-06
6 5  1.29699999996e-06
6 4  2.11900000002e-06
6 4  2.29600000001e-06
6 5  4.54999999999e-06
6 4  1.49700000002e-06
6 7  1.47700000003e-06
6 7  1.317e-06
6 5  3.74600000003e-06
6 4  1.50199999999e-06
6 4  1.64400000002e-06
6 7  1.853e-06
6 5  2.70600000002e-06
6 4  4.52700000003e-06
6 7  1.51900000001e-06
6 5  2.59800000002e-06
6 7  7.71199999999e-06
6 5  4.75799999999e-06
6 4  1.61700000001e-06
6 5  7.94700000001e-06
6 4  4.856e-06
6 7  1.61200000004e-06
6 5  5.16299999997e-06
6 4  1.56700000004e-06
6 7  2.40600000001e-06
6 4  1.46699999998e-06
6 5  7.35199999996e-06
6 7  3.16299999997e-06
6 4  4.21699999997e-06
6 5  1.48799999999e-06
6 7  1.58e-06
6 4  7.61700000002e-06
6 5  4.50200000002e-06
6 7  1.66099999999e-06
6 5  1.50399999999e-06
6 7  1.85199999997e-06
6 4  1.31199999998e-06
6 5  5.04200000001e-06
6 4  1.81200000005e-06
6 7  1.63400000003e-06
6 7  1.639e-06
6 5  7.745e-06
6 4  2.742e-06
6 7  4.65100000002e-06
6 5  1.59199999999e-06
6 4  2.536e-06
6 4  4.67900000001e-06
6 7  1.56699999998e-06
6 5  2.58199999997e-06
6 7  1.46099999998e-06
6 4  1.65000000002e-06
6 5  1.84199999997e-06
6 7  1.38e-06
6 5  5.61500000001e-06
6 4  1.53199999997e-06
6 5  1.18700000001e-06
6 7  1.62999999997e-06
6 4  1.32899999999e-06
6 5  1.55900000004e-06
6 4  6.08200000002e-06
6 7  2.71900000004e-06
6 4  4.76500000002e-06
6 7  1.69500000002e-06
6 5  2.51600000001e-06
6 5  1.684e-06
6 7  5.99099999998e-06
6 4  1.419e-06
6 4  4.02199999999e-06
6 7  1.258e-06
6 5  1.22800000002e-06
6 7  1.28299999996e-06
6 5  3.25899999998e-06
6 7  2.214e-06
6 5  1.30300000001e-06
6 7  1.24699999998e-06
6 5  2.13700000001e-06
6 7  1.38199999999e-06
6 5  2.17600000002e-06
6 5  1.50599999998e-06
6 5  1.65400000002e-06
6 7  1.34199999996e-06
6 5  4.04100000001e-06
6 7  1.49199999999e-06
6 5  4.544e-06
6 7  1.64800000002e-06
6 5  4.18600000002e-06
6 7  1.42599999997e-06
6 7  2.432e-06
6 5  1.32999999997e-06
6 5  1.39199999999e-06
6 7  1.20799999997e-06
6 7  1.209e-06
6 5  1.66000000001e-06
6 5  1.50700000001e-06
6 7  3.69e-06
6 7  4.34900000001e-06
6 5  1.36300000003e-06
6 5  4.36100000001e-06
6 7  1.29199999999e-06
6 7  4.75900000002e-06
6 5  1.27499999997e-06
6 7  4.71599999996e-06
6 5  1.33900000004e-06
6 5  4.08399999996e-06
6 7  1.29700000001e-06
6 5  4.26999999997e-06
6 7  1.33200000002e-06
6 5  4.27400000003e-06
6 7  1.423e-06
6 5  4.381e-06
6 7  1.60399999999e-06
6 5  2.691e-06
6 7  1.26700000003e-06
6 5  4.52000000001e-06
6 7  1.61199999998e-06
6 7  6.40499999999e-06
6 5  2.477e-06
6 7  1.68700000003e-06
6 5  2.09699999998e-06
6 7  1.32200000003e-06
6 5  1.18100000002e-06
6 5  1.26499999997e-06
6 7  2.60899999999e-06
6 5  1.25200000001e-06
6 7  1.52999999997e-06
6 5  3.99099999998e-06
6 7  1.35900000003e-06
6 7  1.52799999997e-06
6 5  1.955e-06
6 7  4.25900000001e-06
6 5  1.45899999998e-06
6 7  1.264e-06
6 5  2.52000000001e-06
6 7  1.431e-06
6 5  1.34000000002e-06
6 7  2.36399999998e-06
6 5  1.46200000001e-06
6 5  1.415e-06
6 7  2.76799999999e-06
6 5  1.30199999998e-06
6 7  2.72400000001e-06
6 5  1.44299999999e-06
6 7  1.45200000001e-06
6 5  4.19400000001e-06
6 7  1.38399999999e-06
6 5  2.29700000004e-06
6 7  1.37299999997e-06
6 7  1.50399999999e-06
6 5  1.34099999999e-06
6 5  4.373e-06
6 7  1.33099999999e-06
6 5  4.65599999999e-06
6 7  1.39199999999e-06
6 5  1.54299999999e-06
6 7  2.38899999999e-06
6 7  2.48199999997e-06
6 5  2.39799999996e-06
6 5  1.23800000001e-06
6 7  2.54199999999e-06
6 5  1.40700000001e-06
6 7  2.27899999999e-06
6 7  2.67900000001e-06
6 5  1.21000000003e-06
6 5  2.422e-06
6 7  2.33900000002e-06
6 7  4.13600000004e-06
6 5  1.40100000001e-06
6 7  1.47700000003e-06
6 5  1.30399999998e-06
6 5  2.44399999999e-06
6 7  1.33099999999e-06
6 7  1.40900000001e-06
6 5  3.89000000001e-06
6 7  1.57899999997e-06
6 5  1.51199999998e-06
6 5  4.14299999996e-06
6 7  1.41500000006e-06
6 5  2.14900000006e-06
6 7  2.22699999997e-06
6 5  2.49200000002e-06
6 7  2.34799999999e-06
6 7  1.0105e-05
6 5  6.44099999991e-06
6 6  2.45700000001e-06
6 7  1.85600000002e-06
6 6  2.64100000003e-06
6 5  1.55199999996e-06
6 7  1.48499999997e-06
6 6  2.12499999996e-06
6 5  2.77199999998e-06
6 5  1.60500000002e-06
6 7  1.14200000001e-06
6 6  1.49999999999e-06
6 5  1.90300000003e-06
6 6  2.62399999995e-06
6 7  2.32900000008e-06
6 6  1.32800000008e-06
6 7  1.78200000001e-06
6 5  2.06999999997e-06
6 5  9.13999999996e-06
6 6  4.40300000004e-06
6 7  1.59599999994e-06
6 5  4.63099999992e-06
6 6  1.60199999999e-06
6 7  2.61400000001e-06
6 6  1.73400000003e-06
6 5  3.9300000001e-06
6 7  2.34500000007e-06
6 5  4.54800000005e-06
6 6  1.43800000008e-06
6 7  2.10700000003e-06
6 5  4.72299999998e-06
6 6  1.50799999998e-06
6 7  1.56799999995e-06
6 6  1.60299999996e-06
6 7  1.85900000005e-06
6 5  1.684e-06
6 5  4.79900000006e-06
6 7  1.48199999994e-06
6 6  2.25600000003e-06
6 7  8.94100000004e-06
6 5  4.65799999994e-06
6 6  1.535e-06
6 6  4.61399999996e-06
6 5  1.60199999999e-06
6 7  1.82000000004e-06
6 7  1.56600000001e-06
6 6  1.37899999997e-06
6 5  1.535e-06
6 6  4.61799999996e-06
6 7  1.54099999994e-06
6 5  1.47500000003e-06
6 6  4.56100000001e-06
6 7  1.50300000001e-06
6 5  2.73399999995e-06
6 5  1.61700000001e-06
6 7  1.5430000001e-06
6 6  1.29999999998e-06
6 5  4.97699999991e-06
6 6  1.55300000004e-06
6 7  1.60700000007e-06
6 7  1.841e-06
6 6  1.484e-06
6 5  1.69500000002e-06
6 7  4.50200000002e-06
6 6  1.48099999997e-06
6 5  1.51700000006e-06
6 5  9.755e-06
6 7  4.94600000001e-06
6 6  1.73399999992e-06
6 6  3.36699999992e-06
6 6  4.62099999998e-06
6 7  1.29199999999e-06
6 5  1.4519999999e-06
6 7  3.00799999997e-06
6 5  5.34299999999e-06
6 6  1.45799999995e-06
6 6  1.35499999998e-06
6 7  3.70900000002e-06
6 5  1.63399999997e-06
6 6  1.1416e-05
6 5  1.684e-06
6 7  2.57100000001e-06
6 5  4.67399999993e-06
6 6  1.66299999993e-06
6 7  2.47399999997e-06
6 6  1.6100000001e-06
6 5  1.53800000002e-06
6 7  1.46699999992e-06
6 5  1.52000000009e-06
6 7  2.59699999994e-06
6 6  1.68899999997e-06
6 7  8.28700000011e-06
6 6  1.41499999995e-06
6 5  1.56900000003e-06
6 5  1.49299999996e-06
6 7  6.20399999995e-06
6 6  1.54600000002e-06
6 7  2.42100000003e-06
6 5  2.42500000003e-06
6 6  1.59600000005e-06
6 6  1.54399999996e-06
6 7  5.51999999998e-06
6 5  1.209e-06
6 5  1.57000000001e-06
6 7  2.64099999991e-06
6 6  2.48899999999e-06
6 6  1.849e-06
6 5  1.38800000005e-06
6 7  1.50399999999e-06
6 5  1.531e-06
6 7  2.56599999993e-06
6 6  1.421e-06
6 5  1.43200000002e-06
6 6  1.51399999992e-06
6 7  2.22099999991e-06
6 5  1.684e-06
6 6  5.46299999993e-06
6 7  1.40300000007e-06
6 7  4.35899999995e-06
6 6  1.46000000001e-06
6 5  1.37199999994e-06
6 7  2.03899999995e-06
6 5  2.697e-06
6 6  2.78899999995e-06
6 6  4.70399999997e-06
6 7  1.76400000007e-06
6 5  1.40399999993e-06
6 6  5.04300000004e-06
6 5  1.66599999996e-06
6 7  1.67799999995e-06
6 7  8.74799999995e-06
6 6  1.47500000003e-06
6 5  2.55900000001e-06
6 7  1.59499999997e-06
6 5  1.57900000008e-06
6 6  1.55800000001e-06
6 7  1.08910000001e-05
6 5  5.30899999995e-06
6 6  1.51900000001e-06
6 6  1.05039999999e-05
6 5  1.47799999994e-06
6 7  2.43600000005e-06
6 5  4.40600000007e-06
6 6  1.484e-06
6 7  1.60800000004e-06
6 6  4.49599999996e-06
6 7  1.582e-06
6 5  2.324e-06
6 6  4.73200000006e-06
6 7  1.27999999999e-06
6 5  1.61099999996e-06
6 7  1.55199999996e-06
6 5  2.905e-06
6 6  3.03400000001e-06
6 7  1.55000000002e-06
6 5  1.43999999991e-06
6 6  2.54600000005e-06
6 5  9.38399999995e-06
6 6  5.52799999998e-06
6 0  1.70300000002e-06
6 7  1.84800000003e-06
6 5  5.43399999997e-06
6 0  2.18900000004e-06
6 7  2.59400000002e-06
6 6  4.20400000001e-06
6 5  5.20799999992e-06
6 0  1.67200000001e-06
6 6  2.89399999998e-06
6 7  2.75999999999e-06
6 0  8.24200000005e-06
6 5  1.63899999994e-06
6 6  1.41200000003e-06
6 7  1.87900000004e-06
6 6  5.63399999998e-06
6 7  1.99099999998e-06
6 0  4.54599999999e-06
6 5  1.45200000001e-06
6 5  8.61100000005e-06
6 6  5.10800000009e-06
6 0  1.75700000005e-06
6 7  1.82599999998e-06
6 5  1.90599999994e-06
6 0  8.94900000004e-06
6 7  5.75299999994e-06
6 6  1.60999999999e-06
6 5  4.53900000008e-06
6 7  1.45100000004e-06
6 0  2.29699999998e-06
6 6  1.66299999993e-06
6 5  1.6527e-05
6 6  9.56600000002e-06
6 7  5.62900000001e-06
6 0  1.71100000002e-06
6 0  1.74899999994e-06
6 5  6.34999999993e-06
6 7  2.90199999997e-06
6 6  1.77500000009e-06
6 5  1.95600000008e-06
6 6  1.86700000004e-06
6 7  7.41799999993e-06
6 0  1.46499999998e-06
6 0  4.852e-06
6 5  1.57500000009e-06
6 6  2.44199999999e-06
6 7  1.70600000005e-06
6 7  2.10499999997e-06
6 5  8.99599999993e-06
6 0  1.67800000006e-06
6 6  1.40500000001e-06
6 6  8.72600000001e-06
6 5  1.88400000001e-06
6 7  1.59599999994e-06
6 0  1.84800000003e-06
6 0  1.74999999991e-06
6 5  4.99500000006e-06
6 7  1.66200000007e-06
6 6  1.81700000002e-06
6 6  1.72099999995e-06
6 7  1.55700000004e-06
6 5  1.11700000005e-06
6 0  1.86000000002e-06
6 6  1.66499999998e-06
6 0  1.0261e-05
6 7  6.41999999995e-06
6 5  1.60400000004e-06
6 6  1.73399999992e-06
6 7  6.12500000008e-06
6 0  1.55400000001e-06
6 5  1.55199999996e-06
6 6  1.97899999999e-06
6 5  1.08249999999e-05
6 7  1.77699999993e-06
6 0  2.81400000002e-06
6 5  1.91499999991e-06
6 0  1.38900000002e-06
6 7  1.46999999995e-06
6 6  2.84399999995e-06
6 6  1.69500000002e-06
6 0  5.34799999996e-06
6 7  1.472e-06
6 5  1.76400000007e-06
6 6  1.57599999995e-06
6 7  2.0340000001e-06
6 0  2.71799999996e-06
6 6  1.55899999998e-06
6 5  2.60900000004e-06
6 6  5.69100000003e-06
6 5  2.21700000003e-06
6 7  3.32599999997e-06
6 0  1.574e-06
6 5  1.75499999999e-06
6 0  1.82500000001e-06
6 6  2.63900000008e-06
6 7  1.70999999993e-06
6 5  5.28799999999e-06
6 7  1.74100000006e-06
6 6  7.93500000007e-06
6 0  2.61099999999e-06
6 7  8.79600000003e-06
6 5  1.82900000001e-06
6 0  1.40699999995e-06
6 6  1.73000000003e-06
6 7  8.85500000003e-06
6 5  5.57000000001e-06
6 6  1.62999999997e-06
6 0  3.66100000004e-06
6 5  8.73199999996e-06
6 7  5.22000000003e-06
6 0  1.68699999992e-06
6 6  1.80900000002e-06
6 7  9.09999999998e-06
6 6  5.47799999995e-06
6 0  1.83799999998e-06
6 5  1.54699999999e-06
6 7  1.69900000002e-06
6 5  1.06040000001e-05
6 6  5.40299999996e-06
6 0  2.02100000002e-06
6 7  1.79099999997e-06
6 5  5.44200000008e-06
6 0  1.48700000002e-06
6 6  1.93900000001e-06
6 6  8.97300000002e-06
6 5  5.70300000002e-06
6 7  1.794e-06
6 0  2.24799999993e-06
6 5  1.78200000001e-06
6 6  4.59799999997e-06
6 7  1.47699999997e-06
6 0  1.75400000002e-06
6 7  1.82699999995e-06
6 6  1.55599999996e-06
6 0  1.93699999995e-06
6 5  1.29300000007e-06
6 0  1.57499999998e-06
6 2  1.268e-06
6 7  3.41400000003e-06
6 5  1.735e-06
6 7  1.97499999999e-06
6 0  1.57300000003e-06
6 5  1.83200000003e-06
6 2  1.69699999997e-06
6 2  7.83600000009e-06
6 0  4.86700000002e-06
6 5  1.60900000001e-06
6 7  1.48499999997e-06
6 7  1.2498e-05
6 0  5.16399999995e-06
6 5  1.82399999993e-06
6 2  1.40700000006e-06
6 7  1.3633e-05
6 5  8.43500000003e-06
6 0  5.213e-06
6 2  1.50200000004e-06
6 5  5.52999999992e-06
6 7  1.77700000004e-06
6 0  7.31899999995e-06
6 2  1.85100000005e-06
6 7  4.66700000001e-06
6 2  1.46699999992e-06
6 0  2.21700000003e-06
6 5  1.75700000005e-06
6 7  1.71500000001e-06
6 2  9.92499999997e-06
6 0  2.98899999995e-06
6 5  1.82199999998e-06
6 0  1.59200000005e-06
6 5  1.31700000006e-06
6 7  1.62000000004e-06
6 2  1.85699999999e-06
6 2  1.97400000002e-06
6 5  8.84800000001e-06
6 0  4.64499999997e-06
6 7  1.47199999989e-06
6 2  5.94399999998e-06
6 0  2.16799999997e-06
6 5  3.474e-06
6 7  9.18999999988e-07
6 0  4.84300000003e-06
6 5  1.60999999999e-06
6 7  2.37199999997e-06
6 2  1.896e-06
6 2  2.06400000002e-06
6 7  6.05799999998e-06
6 0  1.68700000003e-06
6 5  1.77199999996e-06
6 5  5.641e-06
6 2  2.13199999999e-06
6 0  4.856e-06
6 7  1.55000000002e-06
6 7  1.96600000002e-06
6 2  6.44300000008e-06
6 0  1.92700000001e-06
6 5  1.82500000001e-06
6 0  4.98599999998e-06
6 7  1.53599999997e-06
6 5  1.47900000003e-06
6 2  2.22100000002e-06
6 7  8.49199999997e-06
6 2  1.81200000005e-06
6 0  1.33499999999e-06
6 5  2.477e-06
6 7  4.99100000007e-06
6 2  1.586e-06
6 5  1.56200000001e-06
6 0  1.82100000001e-06
6 2  1.72600000004e-06
6 7  5.93500000001e-06
6 5  2.74099999997e-06
6 0  1.68700000003e-06
6 5  1.78200000001e-06
6 7  2.53900000002e-06
6 2  1.68600000006e-06
6 0  1.76200000002e-06
6 0  9.17e-06
6 5  5.46199999996e-06
6 7  2.02399999993e-06
6 2  1.72199999993e-06
6 0  1.4265e-05
6 2  1.78299999998e-06
6 5  4.20099999998e-06
6 7  1.26500000008e-06
6 2  1.3284e-05
6 7  2.803e-06
6 5  4.12599999999e-06
6 0  1.31700000006e-06
6 0  2.05899999994e-06
6 2  1.71500000001e-06
6 7  2.01100000008e-06
6 5  2.70899999999e-06
6 0  1.70200000005e-06
6 5  1.48199999994e-06
6 2  1.47900000003e-06
6 7  1.67200000001e-06
6 2  1.87700000009e-06
6 7  1.38199999999e-06
6 0  1.82900000001e-06
6 5  1.747e-06
6 7  4.80700000005e-06
6 0  1.44699999993e-06
6 2  5.66200000007e-06
6 5  1.57699999992e-06
6 2  5.433e-06
6 7  1.70899999996e-06
6 5  5.75600000008e-06
6 0  1.67900000003e-06
6 2  6.36600000004e-06
6 0  1.93399999993e-06
6 7  2.01699999991e-06
6 5  1.56899999992e-06
6 0  8.35700000001e-06
6 5  1.66800000001e-06
6 2  1.62999999997e-06
6 7  1.45899999993e-06
6 5  5.07700000008e-06
6 2  1.60500000002e-06
6 0  4.41600000001e-06
6 5  2.5589999999e-06
6 2  4.18299999994e-06
6 0  1.43399999997e-06
6 2  4.59799999997e-06
6 0  1.55600000007e-06
6 5  4.23599999999e-06
6 5  4.45599999999e-06
6 0  1.49999999999e-06
6 2  1.484e-06
6 5  1.637e-06
6 0  2.69400000008e-06
6 2  3.57200000001e-06
6 5  1.0874e-05
6 0  1.55099999999e-06
6 2  2.67399999998e-06
6 0  5.93100000001e-06
6 2  2.49800000007e-06
6 5  2.02199999999e-06
6 2  1.89900000003e-06
6 0  2.40600000001e-06
6 5  1.75999999996e-06
6 5  5.21600000003e-06
6 2  1.60699999996e-06
6 0  2.95299999997e-06
6 0  1.64700000005e-06
6 2  2.579e-06
6 5  1.54000000008e-06
6 2  1.91199999999e-06
6 5  1.38500000002e-06
6 0  1.43900000005e-06
6 0  1.67799999995e-06
6 5  5.06899999997e-06
6 2  1.20000000003e-06
6 2  5.78399999995e-06
6 5  1.30700000001e-06
6 5  4.54900000002e-06
6 2  1.62000000004e-06
6 5  4.738e-06
6 2  1.80700000008e-06
6 2  5.30099999996e-06
6 5  1.523e-06
6 2  4.50100000005e-06
6 5  1.319e-06
6 5  4.31600000006e-06
6 2  1.34900000004e-06
6 2  4.85400000005e-06
6 5  1.34600000001e-06
6 2  4.17800000008e-06
6 5  1.40699999995e-06
6 2  4.632e-06
6 5  1.33800000002e-06
6 5  2.36899999995e-06
6 2  1.30700000001e-06
6 5  1.58500000003e-06
6 2  3.28799999993e-06
6 5  4.55600000004e-06
6 2  1.45200000001e-06
6 5  1.35400000001e-06
6 2  1.38999999999e-06
6 5  4.059e-06
6 2  1.37e-06
6 2  6.214e-06
6 5  2.46700000006e-06
6 2  2.426e-06
6 5  1.48699999991e-06
6 5  1.50500000007e-06
6 2  2.1389999999e-06
6 5  1.54000000008e-06
6 2  1.23699999999e-06
6 2  1.48700000002e-06
6 5  2.26200000009e-06
6 2  4.19600000001e-06
6 5  1.51199999998e-06
6 2  1.25200000001e-06
6 5  2.41400000001e-06
6 2  4.263e-06
6 5  1.374e-06
6 2  2.33700000007e-06
6 5  1.37599999994e-06
6 5  1.29699999996e-06
6 2  3.64600000002e-06
6 5  5.29800000004e-06
6 2  1.311e-06
6 2  4.22899999997e-06
6 5  1.42199999997e-06
6 5  4.74399999995e-06
6 2  1.47400000006e-06
6 2  1.33400000002e-06
6 5  2.71100000004e-06
6 5  1.59100000008e-06
6 2  2.28499999999e-06
6 2  4.44600000005e-06
6 5  1.56699999998e-06
6 2  5.18599999999e-06
6 5  2.14199999993e-06
6 2  5.57000000001e-06
6 5  1.47399999995e-06
6 2  4.7230000001e-06
6 5  1.67900000003e-06
6 5  4.55700000002e-06
6 2  1.69400000005e-06
6 2  4.08899999993e-06
6 5  1.37899999997e-06
6 5  2.24900000001e-06
6 2  2.43099999997e-06
6 5  1.60299999996e-06
6 2  1.34699999998e-06
6 5  5.32200000003e-06
6 2  1.54699999999e-06
6 5  1.24800000001e-06
6 2  2.70400000002e-06
6 2  4.22599999994e-06
6 3  1.35699999992e-06
6 5  1.79199999994e-06
6 2  5.23799999996e-06
6 3  2.02999999999e-06
6 5  4.72799999995e-06
6 2  1.55599999996e-06
6 5  2.38399999997e-06
6 3  1.43799999996e-06
6 3  1.36100000003e-06
6 2  3.87599999996e-06
6 5  1.25200000001e-06
6 5  4.63100000003e-06
6 3  1.51000000004e-06
6 2  2.60399999996e-06
6 5  4.746e-06
6 2  1.68199999995e-06
6 3  2.15200000009e-06
6 2  5.43799999997e-06
6 3  1.54200000002e-06
6 5  2.41499999998e-06
6 3  2.71600000001e-06
6 5  1.484e-06
6 2  2.36699999989e-06
6 3  2.28499999999e-06
6 2  4.97499999996e-06
6 3  1.55599999996e-06
6 5  1.51199999998e-06
6 3  1.41399999998e-06
6 2  1.52200000003e-06
6 2  1.65899999993e-06
6 5  4.59499999994e-06
6 3  1.40800000004e-06
6 3  2.28799999991e-06
6 5  2.37300000006e-06
6 2  1.72300000001e-06
6 3  1.61399999998e-06
6 2  6.55799999993e-06
6 5  1.46299999992e-06
6 3  1.49900000002e-06
6 5  2.62899999992e-06
6 2  1.54400000008e-06
6 3  1.57599999995e-06
6 2  7.14999999996e-06
6 5  1.54200000002e-06
6 3  8.72199999991e-06
6 2  4.56599999998e-06
6 5  1.59999999993e-06
6 3  4.77799999998e-06
6 2  1.60400000004e-06
6 5  1.472e-06
6 2  9.15999999995e-06
6 3  4.79899999994e-06
6 5  1.64300000005e-06
6 5  4.84499999998e-06
6 3  1.33899999999e-06
6 2  1.62800000003e-06
6 5  1.68699999992e-06
6 2  1.73600000009e-06
6 3  3.317e-06
6 3  4.70399999997e-06
6 2  1.4989999999e-06
6 5  1.48600000005e-06
6 3  9.39300000002e-06
6 2  1.51800000003e-06
6 5  2.29099999993e-06
6 2  7.59000000006e-06
6 5  4.51099999998e-06
6 3  1.48299999991e-06
6 2  7.43700000005e-06
6 5  4.40300000004e-06
6 3  1.51700000006e-06
6 3  1.35400000001e-06
6 2  1.24699999993e-06
6 5  1.5000000001e-06
6 2  2.02299999996e-06
6 7  2.94600000006e-06
6 3  1.56099999993e-06
6 5  1.76399999996e-06
6 3  5.21499999995e-06
6 2  1.56600000001e-06
6 5  1.97999999996e-06
6 7  2.12099999997e-06
6 7  1.99899999997e-06
6 2  1.47899999992e-06
6 5  1.55700000004e-06
6 3  1.30900000006e-06
6 5  1.429e-06
6 3  1.48700000002e-06
6 7  3.80799999999e-06
6 3  5.08500000007e-06
6 7  1.637e-06
6 5  2.38600000002e-06
6 7  5.72099999996e-06
6 5  2.65899999996e-06
6 7  5.01300000011e-06
6 4  1.90300000003e-06
6 5  1.45600000001e-06
6 7  1.582e-06
6 5  2.97599999999e-06
6 4  3.85300000005e-06
6 4  9.28099999997e-06
6 5  1.56699999998e-06
6 7  2.88199999998e-06
6 7  4.75799999999e-06
6 5  1.41500000006e-06
6 4  3.05199999995e-06
6 5  1.0239e-05
6 7  1.60100000002e-06
6 4  2.31900000003e-06
6 7  2.82100000004e-06
6 4  2.38000000008e-06
6 5  1.425e-06
6 4  5.66099999999e-06
6 5  2.68400000003e-06
6 7  3.58700000003e-06
6 4  1.54200000002e-06
6 7  1.55600000007e-06
6 5  1.55000000002e-06
6 7  8.95400000001e-06
6 4  4.78199999998e-06
6 5  1.59900000007e-06
6 4  4.581e-06
6 5  1.78400000006e-06
6 7  2.88100000001e-06
6 7  7.30400000004e-06
6 4  4.50399999996e-06
6 5  1.43400000008e-06
6 7  2.08400000001e-06
6 1  1.75000000002e-06
6 4  1.54900000005e-06
6 5  1.80500000002e-06
6 7  1.86000000002e-06
6 5  4.88100000007e-06
6 1  1.63200000003e-06
6 4  2.03199999993e-06
6 1  5.22299999994e-06
6 5  1.67400000006e-06
6 4  1.26700000003e-06
6 7  1.48900000008e-06
6 7  1.3583e-05
6 4  1.91800000005e-06
6 1  5.11800000003e-06
6 5  1.91599999999e-06
6 1  5.3029999999e-06
6 7  1.87699999998e-06
6 4  1.739e-06
6 5  1.68199999995e-06
6 7  4.70799999996e-06
6 1  1.72000000009e-06
6 5  1.34200000002e-06
6 4  3.05499999997e-06
6 4  5.34800000007e-06
6 1  1.63399999997e-06
6 7  1.92899999996e-06
6 5  1.60199999999e-06
6 7  1.59e-06
6 5  1.34299999999e-06
6 4  1.22999999996e-06
6 1  1.73199999998e-06
6 1  1.71700000007e-06
6 5  5.97499999999e-06
6 4  3.07299999991e-06
6 7  1.77699999993e-06
6 1  1.845e-06
6 7  1.60299999996e-06
6 4  2.47200000003e-06
6 5  1.45299999998e-06
6 5  1.1387e-05
6 7  5.77800000001e-06
6 1  1.97499999999e-06
6 4  1.70200000005e-06
6 5  1.947e-06
6 7  1.00160000001e-05
6 4  3.003e-06
6 1  1.272e-06
6 1  5.21600000003e-06
6 5  1.89599999989e-06
6 4  1.472e-06
6 7  1.67699999998e-06
6 4  1.86099999999e-06
6 7  6.02100000002e-06
6 1  1.70999999993e-06
6 5  1.896e-06
6 1  1.67500000003e-06
6 7  6.20000000007e-06
6 5  2.79800000003e-06
6 4  1.67600000001e-06
6 4  9.11400000003e-06
6 1  2.34799999999e-06
6 5  1.29900000001e-06
6 7  2.77599999998e-06
6 7  1.64199999997e-06
6 1  2.108e-06
6 4  1.51500000001e-06
6 5  2.55299999996e-06
6 4  0.000835926
6 7  1.74099999994e-06
6 5  1.32500000005e-06
6 4  4.93599999996e-06
6 1  1.75699999994e-06
6 5  2.23200000005e-06
6 7  4.57300000001e-06
6 1  1.58100000003e-06
6 4  2.63300000003e-06
6 7  1.1858e-05
6 4  8.43900000003e-06
6 1  1.70199999994e-06
6 5  1.30199999993e-06
6 4  1.91199999999e-06
6 1  5.70300000002e-06
6 5  1.9670000001e-06
6 7  2.79599999997e-06
6 1  1.1878e-05
6 4  8.39699999999e-06
6 7  5.225e-06
6 5  1.72900000006e-06
6 7  1.3161e-05
6 1  1.76699999999e-06
6 5  5.02099999999e-06
6 4  1.70399999999e-06
6 5  1.75699999994e-06
6 7  4.60099999999e-06
6 4  1.53400000003e-06
6 1  1.71700000007e-06
6 1  1.684e-06
6 4  5.66099999999e-06
6 7  2.80900000005e-06
6 5  1.74899999994e-06
6 5  1.62999999997e-06
6 7  7.70999999999e-06
6 1  1.60699999996e-06
6 4  1.46999999995e-06
6 4  1.43699999999e-06
6 1  6.84299999998e-06
6 7  1.57000000001e-06
6 5  1.67500000003e-06
6 7  1.798e-06
6 4  1.36299999998e-06
6 1  1.75299999994e-06
6 5  2.7010000001e-06
6 5  1.1913e-05
6 7  5.04600000006e-06
6 1  1.72200000004e-06
6 4  1.51299999995e-06
6 5  5.41399999998e-06
6 1  1.735e-06
6 7  2.58600000003e-06
6 4  1.78500000003e-06
6 4  1.82300000007e-06
6 1  1.80100000002e-06
6 5  3.329e-06
6 7  1.80699999996e-06
6 4  5.35800000001e-06
6 7  1.77899999998e-06
6 5  4.98100000002e-06
6 1  1.17700000002e-06
6 1  1.2472e-05
6 7  9.01200000003e-06
6 4  1.743e-06
6 5  1.55899999998e-06
6 1  1.44830000001e-05
6 7  1.71199999999e-06
6 5  4.65599999999e-06
6 4  1.63499999994e-06
6 4  1.67600000001e-06
6 7  1.45000000007e-06
6 5  1.55700000004e-06
6 1  1.52600000003e-06
6 5  1.56400000006e-06
6 1  5.94099999995e-06
6 7  2.66999999998e-06
6 4  1.76699999999e-06
6 1  1.1281e-05
6 4  1.61900000006e-06
6 5  4.35300000001e-06
6 7  1.41399999998e-06
6 4  1.61199999993e-06
6 7  1.37200000005e-06
6 1  1.79999999994e-06
6 5  1.55600000007e-06
6 1  2.25400000009e-06
6 7  1.59700000002e-06
6 4  1.82000000004e-06
6 5  1.45200000001e-06
6 4  1.88599999995e-06
6 1  1.0286e-05
6 7  6.46999999998e-06
6 5  3.14400000001e-06
6 1  2.02699999996e-06
6 4  1.54199999991e-06
6 5  2.66100000001e-06
6 7  1.75200000008e-06
6 1  1.50200000004e-06
6 5  2.59800000002e-06
6 7  1.66000000001e-06
6 4  1.433e-06
6 4  1.802e-06
6 1  1.13709999999e-05
6 5  1.38800000005e-06
6 7  1.83200000003e-06
6 7  2.05000000009e-06
6 0  3.011e-06
6 4  5.62800000004e-06
6 5  2.09900000003e-06
6 1  2.269e-06
6 0  1.9274e-05
6 7  2.03499999996e-06
6 1  3.00500000006e-06
6 5  6.31900000003e-06
6 4  1.68999999994e-06
6 7  2.51799999995e-06
6 1  7.63500000001e-06
6 4  3.64399999997e-06
6 0  1.38000000005e-06
6 5  1.45200000001e-06
6 5  2.07799999996e-06
6 7  1.54500000005e-06
6 0  2.10300000003e-06
6 4  1.67900000003e-06
6 1  1.892e-06
6 4  2.40900000004e-06
6 7  5.40199999999e-06
6 1  1.95200000008e-06
6 0  1.425e-06
6 5  2.45599999993e-06
6 4  1.54490000001e-05
6 0  2.08400000001e-06
6 5  2.22000000005e-06
6 7  1.72900000006e-06
6 1  1.794e-06
6 1  1.4136e-05
6 7  1.0159e-05
6 5  2.04100000001e-06
6 4  1.69000000005e-06
6 0  1.94500000006e-06
6 4  5.849e-06
6 0  1.69000000005e-06
6 7  1.58100000003e-06
6 5  2.58100000006e-06
6 1  1.88999999995e-06
6 0  1.83799999998e-06
6 1  1.6521e-05
6 7  1.0857e-05
6 4  7.15200000001e-06
6 5  2.03200000004e-06
6 1  1.93199999998e-06
6 4  1.99400000001e-06
6 0  2.48300000005e-06
6 7  1.96200000002e-06
6 5  4.27600000008e-06
6 4  2.24500000001e-06
6 0  5.15999999995e-06
6 1  1.49599999999e-06
6 7  5.71100000002e-06
6 5  1.80999999999e-06
6 5  5.69300000008e-06
6 1  1.841e-06
6 7  1.46200000006e-06
6 4  2.85900000008e-06
6 4  5.04000000001e-06
6 7  1.73800000003e-06
6 1  1.67000000006e-06
6 5  1.798e-06
6 7  1.71000000004e-06
6 5  1.67200000001e-06
6 1  1.22199999997e-06
6 4  1.77199999996e-06
6 4  1.60199999999e-06
6 5  5.82299999996e-06
6 7  2.80499999994e-06
6 1  1.59200000005e-06
6 7  1.4426e-05
6 4  1.98600000001e-06
6 1  2.94199999995e-06
6 5  1.17300000002e-06
6 7  8.40499999999e-06
6 4  5.29700000007e-06
6 5  1.92899999996e-06
6 1  2.28600000007e-06
6 7  8.57700000001e-06
6 5  5.50300000002e-06
6 4  1.78100000003e-06
6 1  4.15100000006e-06
6 1  1.98100000004e-06
6 5  4.89699999995e-06
6 7  1.72800000009e-06
6 4  1.70999999993e-06
6 4  1.637e-06
6 5  1.44099999999e-06
6 7  5.66099999999e-06
6 1  1.84199999997e-06
6 1  1.4415e-05
6 4  5.00800000003e-06
6 5  1.65800000007e-06
6 7  2.51900000003e-06
6 1  1.48100000008e-06
6 4  5.19499999996e-06
6 5  1.61900000006e-06
6 7  1.68199999995e-06
6 1  1.69100000003e-06
6 4  1.73399999992e-06
6 7  1.735e-06
6 5  3.00399999997e-06
6 1  1.68899999997e-06
6 5  3.04900000003e-06
6 4  5.374e-06
6 7  2.4139999999e-06
6 7  4.08200000002e-06
6 4  1.44200000007e-06
6 5  1.64199999997e-06
6 5  5.76200000002e-06
6 7  2.31100000003e-06
6 4  3.67600000006e-06
6 4  4.83900000003e-06
6 7  1.49700000007e-06
6 5  2.77900000001e-06
6 4  4.85399999994e-06
6 5  1.56400000006e-06
6 7  2.36799999997e-06
6 7  4.31300000003e-06
6 5  1.61099999996e-06
6 4  1.72999999992e-06
6 4  1.44699999993e-06
6 7  3.72999999998e-06
6 5  1.87400000007e-06
6 5  8.48800000008e-06
6 7  5.23600000002e-06
6 4  1.89399999995e-06
6 4  4.51600000007e-06
6 5  1.27500000002e-06
6 7  1.48e-06
6 5  9.00800000003e-06
6 4  4.82800000001e-06
6 7  1.53199999997e-06
6 4  1.25699999998e-06
6 7  1.75700000005e-06
6 7  1.29100000001e-06
6 4  3.71499999996e-06
6 4  4.958e-06
6 7  1.45799999995e-06
6 7  4.49800000002e-06
6 4  1.425e-06
6 4  2.28899999999e-06
6 7  1.32600000002e-06
6 4  1.39200000004e-06
6 7  2.72000000001e-06
6 7  1.52100000006e-06
6 4  1.34299999999e-06
6 4  3.83900000001e-06
6 7  1.33700000005e-06
6 7  1.36000000006e-06
6 4  1.53399999991e-06
6 7  2.49399999996e-06
6 7  2.689e-06
6 7  2.23399999999e-06
6 7  2.88700000006e-06
6 7  2.73699999997e-06
6 7  2.45100000007e-06
6 7  2.28800000002e-06
6 7  2.39300000004e-06
6 7  2.37699999994e-06
6 7  2.48899999999e-06
6 7  2.57199999998e-06
6 7  2.47900000006e-06
6 7  2.50400000001e-06
6 7  2.49100000005e-06
6 7  8.32000000006e-07
6 7  2.42800000005e-06
6 7  2.33199999999e-06
6 7  2.53900000002e-06
6 7  2.265e-06
6 7  2.67899999995e-06
6 7  2.524e-06
6 7  2.74300000003e-06
6 7  2.51100000004e-06
6 7  2.48300000005e-06
6 7  2.12900000007e-06
6 7  2.53100000003e-06
6 7  2.36800000009e-06
6 7  2.261e-06
6 7  2.33500000002e-06
6 7  2.40200000001e-06
6 7  2.69200000003e-06
6 7  2.48600000008e-06
6 7  2.42899999991e-06
6 7  2.54899999996e-06
6 7  2.70000000002e-06
6 7  2.57800000003e-06
6 7  2.469e-06
6 7  2.23499999996e-06
6 7  2.39700000004e-06
6 7  2.481e-06
6 7  2.79699999994e-06
6 7  2.92899999998e-06
6 7  2.56599999993e-06
6 7  2.56399999998e-06
6 7  2.45899999995e-06
6 7  2.469e-06
6 7  2.37400000003e-06
6 7  2.54600000005e-06
6 7  2.21899999997e-06
6 7  2.57599999998e-06
6 7  2.65399999999e-06
6 7  2.44400000005e-06
6 7  2.63100000009e-06
6 7  2.18600000002e-06
6 7  2.51000000007e-06
6 7  2.34399999999e-06
6 7  2.54200000005e-06
6 7  2.32700000002e-06
6 7  2.44700000007e-06
6 7  2.52099999998e-06
6 7  2.55800000004e-06
6 7  2.62900000003e-06
6 7  2.79400000003e-06
6 7  2.41999999995e-06
6 7  2.38999999991e-06
6 7  2.477e-06
6 7  2.371e-06
6 7  2.54199999994e-06
6 7  2.45899999995e-06
6 7  2.44800000004e-06
6 7  2.47799999997e-06
6 7  2.47200000003e-06
6 7  2.40500000004e-06
6 7  2.528e-06
6 7  2.646e-06
6 7  2.64100000003e-06
6 7  2.524e-06
6 7  2.39099999999e-06
6 7  2.536e-06
6 4  1.98200000001e-06
6 4  2.56399999998e-06
6 4  2.01300000002e-06
6 4  2.17599999996e-06
6 4  2.14600000004e-06
6 4  2.27400000008e-06
6 4  2.116e-06
6 4  2.45500000007e-06
6 4  2.12700000002e-06
6 4  2.39099999999e-06
6 4  2.24699999996e-06
6 4  2.39899999999e-06
6 4  2.31900000003e-06
6 4  2.07399999996e-06
6 4  2.03899999995e-06
6 4  1.959e-06
6 4  2.15599999998e-06
6 4  2.59299999994e-06
6 4  2.21700000003e-06
6 4  2.32200000005e-06
6 4  2.12100000008e-06
6 4  2.59599999997e-06
6 4  2.12700000002e-06
6 4  2.40699999998e-06
6 4  2.04200000009e-06
6 4  2.09400000006e-06
6 4  2.02399999993e-06
6 4  2.70099999999e-06
6 4  2.22399999994e-06
6 4  2.49500000005e-06
6 4  2.41499999998e-06
6 4  2.49200000002e-06
6 4  2.163e-06
6 4  2.14100000007e-06
6 4  2.06399999991e-06
6 4  2.10899999997e-06
6 4  2.01e-06
6 4  2.26400000003e-06
6 4  2.29399999996e-06
6 4  2.69399999997e-06
6 4  2.34099999996e-06
6 4  2.50499999999e-06
6 4  2.47500000006e-06
6 4  2.28800000002e-06
6 4  2.28699999993e-06
6 4  2.08499999999e-06
6 4  2.18000000007e-06
6 4  2.14899999995e-06
6 4  2.27699999999e-06
6 4  2.51900000003e-06
6 4  2.71200000002e-06
6 0  1.43699999999e-06
6 0  1.55899999998e-06
6 4  2.367e-06
6 0  4.60400000002e-06
6 4  1.42000000003e-06
6 4  1.50899999996e-06
6 0  2.32e-06
6 4  1.80900000002e-06
6 4  2.13999999998e-06
6 4  2.30400000001e-06
6 4  2.58600000003e-06
6 4  2.13699999996e-06
6 4  2.19400000001e-06
6 4  2.69899999994e-06
6 4  2.54900000007e-06
6 4  2.222e-06
6 4  2.13800000004e-06
6 4  2.31299999998e-06
6 4  2.3039999999e-06
6 4  2.07099999994e-06
6 4  2.41900000009e-06
6 4  1.83900000006e-06
6 4  1.25600000001e-06
6 4  2.48399999991e-06
6 4  2.88100000001e-06
6 4  2.20399999995e-06
6 4  2.20700000009e-06
6 4  2.07200000002e-06
6 4  2.24199999999e-06
6 4  2.22500000002e-06
6 4  2.11399999994e-06
6 4  2.25200000004e-06
6 4  2.51099999993e-06
6 4  1.33499999999e-06
6 4  2.32900000008e-06
6 4  2.03399999998e-06
6 4  2.54399999999e-06
6 4  2.24900000001e-06
6 4  2.18600000002e-06
6 4  2.04699999995e-06
6 4  2.34899999996e-06
6 4  2.01299999991e-06
6 4  2.40100000004e-06
6 4  2.31499999992e-06
6 4  2.82900000004e-06
6 4  2.25700000001e-06
6 4  2.22800000005e-06
6 4  2.53900000002e-06
6 4  1.94600000003e-06
6 4  2.3320000001e-06
6 4  2.33900000002e-06
6 4  2.33499999991e-06
6 4  2.33700000007e-06
6 4  2.31800000006e-06
6 4  2.54899999996e-06
6 4  2.23499999996e-06
6 4  2.112e-06
6 4  2.61099999999e-06
6 4  2.222e-06
6 4  2.09100000004e-06
6 4  1.315e-06
6 4  2.17599999996e-06
6 4  2.42400000006e-06
6 4  2.08700000004e-06
6 4  2.30199999995e-06
6 4  2.18399999996e-06
6 4  2.23600000004e-06
6 4  2.31499999992e-06
6 4  2.116e-06
6 4  2.20899999992e-06
6 4  1.84000000003e-06
6 4  1.96399999997e-06
6 4  2.43099999997e-06
6 4  2.35500000001e-06
6 4  2.23200000005e-06
6 4  2.36399999998e-06
6 4  1.78500000003e-06
6 4  2.22599999999e-06
6 4  2.2489999999e-06
6 4  2.38399999997e-06
6 4  1.28700000002e-06
6 4  2.473e-06
6 0  1.40700000006e-06
6 4  2.049e-06
6 4  1.19099999996e-06
6 0  1.65600000002e-06
6 0  1.56499999993e-06
6 4  2.45900000007e-06
6 4  2.07600000002e-06
6 0  3.24500000004e-06
6 0  1.36699999997e-06
6 4  1.37e-06
6 4  2.51099999993e-06
6 0  1.36799999995e-06
6 0  1.29199999999e-06
6 4  2.88900000001e-06
6 4  4.14599999998e-06
6 0  1.27900000002e-06
6 4  1.38500000002e-06
6 0  2.44900000002e-06
6 0  4.28100000005e-06
6 4  1.53399999991e-06
6 4  5.38999999999e-06
6 0  2.36300000001e-06
6 4  4.52899999992e-06
6 0  1.16000000006e-06
6 0  4.31099999998e-06
6 4  1.42400000003e-06
6 4  4.15999999992e-06
6 0  1.28600000004e-06
6 4  4.23800000005e-06
6 0  1.31300000006e-06
6 0  2.30899999998e-06
6 4  1.45100000004e-06
6 4  1.32200000003e-06
6 0  3.34800000001e-06
6 0  4.30799999995e-06
6 4  1.53800000002e-06
6 4  4.56000000004e-06
6 0  1.47899999992e-06
6 0  2.48400000002e-06
6 4  1.362e-06
6 4  1.366e-06
6 0  2.41699999992e-06
6 4  4.89599999998e-06
6 0  1.35400000001e-06
6 0  1.89399999995e-06
6 4  4.60599999996e-06
6 0  1.476e-06
6 4  1.272e-06
6 0  1.36900000003e-06
6 0  4.08799999996e-06
6 4  1.36100000003e-06
6 4  4.33600000005e-06
6 0  1.54800000007e-06
6 4  1.39200000004e-06
6 0  1.41900000006e-06
6 0  4.09700000004e-06
6 4  1.41499999995e-06
6 4  4.35600000004e-06
6 0  1.55300000004e-06
6 0  3.93600000004e-06
6 4  1.27400000005e-06
6 4  1.75899999999e-06
6 0  2.66900000001e-06
6 4  1.33999999996e-06
6 0  1.28200000005e-06
6 0  4.57600000003e-06
6 4  1.472e-06
6 4  2.26299999995e-06
6 0  1.47100000003e-06
6 0  1.34200000002e-06
6 4  3.46799999995e-06
6 4  5.17500000008e-06
6 0  1.70600000005e-06
6 0  4.29899999999e-06
6 4  1.27700000008e-06
6 0  4.75600000005e-06
6 4  1.82800000004e-06
6 0  1.52899999994e-06
6 4  1.25699999998e-06
6 0  2.29600000001e-06
6 4  1.48200000005e-06
6 0  2.67600000003e-06
6 4  2.52700000003e-06
6 0  4.76599999999e-06
6 4  1.39799999999e-06
6 0  4.56800000004e-06
6 4  1.33999999996e-06
6 4  4.42599999984e-06
6 0  1.61999999992e-06
6 4  2.41499999998e-06
6 0  1.35100000009e-06
6 4  1.33799999991e-06
6 0  2.37800000003e-06
6 0  4.40599999996e-06
6 4  1.38500000002e-06
6 0  4.63000000006e-06
6 4  1.95700000005e-06
6 0  1.38000000005e-06
6 4  2.59099999989e-06
6 4  4.3460000001e-06
6 0  1.53699999994e-06
6 4  2.25700000001e-06
6 0  1.39399999988e-06
6 4  2.58099999995e-06
6 0  1.70600000016e-06
6 4  1.95300000017e-06
6 4  4.22299999991e-06
6 0  1.2949999999e-06
6 0  4.01999999999e-06
6 4  1.34099999993e-06
6 4  2.58200000003e-06
6 0  1.38800000005e-06
6 4  1.44000000013e-06
6 0  2.14600000015e-06
6 4  4.16800000003e-06
6 0  1.54900000005e-06
6 4  2.27499999994e-06
6 0  1.46200000017e-06
6 4  1.5149999999e-06
6 0  2.34199999993e-06
6 0  2.66399999993e-06
6 4  2.14700000001e-06
6 4  1.96100000016e-06
6 0  1.71699999996e-06
6 0  1.54499999994e-06
6 4  2.35899999979e-06
6 4  5.11000000003e-06
6 0  1.49199999999e-06
6 0  4.12000000005e-06
6 4  1.38699999996e-06
6 0  4.08399999996e-06
6 4  1.38500000002e-06
6 4  4.53699999992e-06
6 0  1.63199999981e-06
6 4  3.98499999998e-06
6 0  1.30399999998e-06
6 0  4.13999999993e-06
6 4  1.39999999993e-06
6 0  5.0330000001e-06
6 4  1.31699999995e-06
6 7  4.03800000015e-06
6 0  1.30700000001e-06
6 4  1.68700000014e-06
6 0  5.09599999998e-06
6 4  1.51599999998e-06
6 7  1.81700000002e-06
6 4  4.77300000012e-06
6 7  1.57000000001e-06
6 0  1.52000000009e-06
6 4  2.22099999991e-06
6 0  1.46900000009e-06
6 7  1.61600000004e-06
6 4  1.83499999995e-06
6 7  1.32900000005e-06
6 0  2.53299999997e-06
6 0  9.22299999995e-06
6 4  1.61400000009e-06
6 7  1.23099999993e-06
6 0  4.12599999988e-06
6 7  1.31399999992e-06
6 4  2.72899999998e-06
6 4  1.81700000002e-06
6 7  2.80200000002e-06
6 0  1.48900000019e-06
6 0  2.35599999998e-06
6 4  5.44899999988e-06
6 7  1.22200000008e-06
6 7  4.99899999995e-06
6 0  1.43999999991e-06
6 4  1.50999999993e-06
6 0  1.3940000001e-06
6 7  1.46499999998e-06
6 4  1.49999999999e-06
6 0  1.51199999987e-06
6 7  5.89099999981e-06
6 4  2.67199999993e-06
6 0  1.19700000001e-06
6 4  5.50799999988e-06
6 7  1.63200000003e-06
6 0  9.95100000001e-06
6 4  1.75599999985e-06
6 7  2.9720000001e-06
6 4  4.79100000006e-06
6 0  1.4989999999e-06
6 7  1.60699999996e-06
6 7  1.38199999999e-06
6 4  2.54399999999e-06
6 0  1.64800000002e-06
6 7  4.37299999989e-06
6 4  1.43199999991e-06
6 0  1.52200000003e-06
6 4  4.81500000005e-06
6 7  1.52399999997e-06
6 0  3.16099999997e-06
6 4  7.50699999985e-06
6 0  4.75600000005e-06
6 7  1.63600000014e-06
6 7  4.59800000008e-06
6 4  1.66200000007e-06
6 0  2.21200000006e-06
6 4  1.62400000003e-06
6 7  2.67900000006e-06
6 0  1.45699999998e-06
6 0  4.16800000003e-06
6 7  1.37000000011e-06
6 4  2.73900000014e-06
6 4  1.65500000016e-06
6 0  2.09600000001e-06
6 7  1.31700000017e-06
6 7  1.92700000001e-06
6 4  1.58799999994e-06
6 0  2.62899999992e-06
6 0  5.05799999995e-06
6 7  1.53600000008e-06
6 4  1.417e-06
6 4  1.06290000002e-05
6 0  4.6600000001e-06
6 7  1.637e-06
6 4  1.60300000007e-06
6 0  2.51800000006e-06
6 7  1.64499999999e-06
6 4  4.74599999989e-06
6 7  1.76900000004e-06
6 0  1.45799999984e-06
6 0  8.82199999985e-06
6 7  1.48599999994e-06
6 4  2.54700000002e-06
6 7  1.33299999994e-06
6 4  2.4460000001e-06
6 0  1.47500000014e-06
6 7  1.44899999999e-06
6 0  1.46600000006e-06
6 4  1.48100000019e-06
6 7  9.02000000003e-06
6 0  1.57900000008e-06
6 4  2.62400000017e-06
6 0  1.88999999984e-06
6 7  2.78699999989e-06
6 4  2.28699999982e-06
6 0  3.96899999999e-06
6 7  1.30200000004e-06
6 4  1.59899999996e-06
6 0  1.62800000014e-06
6 4  1.58399999983e-06
6 7  3.8790000001e-06
6 4  1.59700000002e-06
6 7  1.65400000007e-06
6 0  1.484e-06
6 0  1.49099999991e-06
6 4  4.1110000002e-06
6 7  1.24999999995e-06
6 4  1.32999999991e-06
6 7  2.4460000001e-06
6 0  1.49300000007e-06
6 0  8.78699999984e-06
6 7  4.79900000006e-06
6 4  1.53999999997e-06
6 7  1.1599e-05
6 0  1.89800000006e-06
6 4  2.98099999996e-06
6 0  4.33299999991e-06
6 7  1.43199999991e-06
6 4  1.78599999989e-06
6 7  7.3399999998e-06
6 4  1.66200000007e-06
6 0  1.27099999991e-06
6 7  4.77799999987e-06
6 0  1.49300000007e-06
6 4  1.46000000001e-06
6 7  2.71099999982e-06
6 4  1.46699999992e-06
6 0  1.15199999984e-06
6 4  1.76799999996e-06
6 0  1.53199999997e-06
6 7  1.2669999998e-06
6 4  8.14099999991e-06
6 7  5.01400000008e-06
6 0  1.49500000002e-06
6 0  4.48200000003e-06
6 7  1.34299999988e-06
6 4  1.53000000003e-06
6 4  1.00809999999e-05
6 7  4.81699999999e-06
6 0  1.484e-06
6 7  5.07199999999e-06
6 0  1.45800000007e-06
6 4  2.41199999995e-06
6 7  1.36900000003e-06
6 4  2.61500000009e-06
6 0  1.62799999992e-06
6 0  5.01100000005e-06
6 4  1.91400000005e-06
6 7  1.51399999981e-06
6 7  4.39799999996e-06
6 4  1.49500000002e-06
6 0  2.15300000006e-06
6 0  1.84600000019e-06
6 4  5.85600000003e-06
6 7  1.42199999997e-06
6 0  1.52900000017e-06
6 4  1.55899999998e-06
6 7  1.51599999998e-06
6 4  1.86999999996e-06
6 7  2.58900000016e-06
6 0  1.53400000014e-06
6 0  4.65400000005e-06
6 7  1.57400000012e-06
6 4  4.2360000001e-06
6 0  2.18000000007e-06
6 4  8.78900000001e-06
6 7  4.49600000008e-06
6 0  1.49500000002e-06
6 4  1.4869999998e-06
6 0  2.33399999994e-06
6 7  1.55200000007e-06
6 4  7.92199999999e-06
6 7  5.11199999997e-06
6 0  1.60400000015e-06
6 7  1.68999999994e-06
6 0  2.12300000002e-06
6 4  1.46199999995e-06
6 4  1.417e-06
6 0  3.47900000008e-06
6 7  2.54499999985e-06
6 4  1.0579e-05
6 7  1.56699999998e-06
6 0  2.62399999995e-06
6 0  4.97099999985e-06
6 4  1.40999999987e-06
6 7  2.67799999998e-06
6 0  1.67699999998e-06
6 4  1.60399999993e-06
6 7  1.53300000005e-06
6 0  5.81799999999e-06
6 7  2.06300000016e-06
6 4  3.27599999994e-06
6 0  4.76700000007e-06
6 7  1.72600000004e-06
6 4  1.56699999998e-06
6 0  4.68700000011e-06
6 7  1.67400000017e-06
6 4  2.3440000001e-06
6 4  1.72600000004e-06
6 7  1.30399999998e-06
6 0  1.476e-06
6 7  4.21900000003e-06
6 4  1.44000000013e-06
6 0  1.84199999986e-06
6 4  4.36299999995e-06
6 7  1.32200000014e-06
6 0  1.83700000012e-06
6 0  1.46699999992e-06
6 7  6.20900000015e-06
6 4  1.16699999997e-06
6 4  7.5949999998e-06
6 0  4.56800000004e-06
6 7  1.49800000004e-06
6 4  7.76299999994e-06
6 7  4.63899999992e-06
6 0  1.50700000012e-06
6 0  8.52799999995e-06
6 4  1.59700000002e-06
6 7  2.04000000004e-06
6 4  1.68e-06
6 7  2.41600000006e-06
6 0  1.62100000001e-06
6 7  1.55199999985e-06
6 0  1.55899999998e-06
6 4  3.50599999988e-06
6 4  4.38000000003e-06
6 7  1.51700000006e-06
6 0  1.46200000017e-06
6 4  1.48700000002e-06
6 0  1.61199999993e-06
6 7  1.53000000003e-06
6 0  1.65799999996e-06
6 7  1.50999999993e-06
6 4  2.97100000002e-06
6 4  8.65099999992e-06
6 0  4.55399999999e-06
6 7  1.49199999999e-06
6 0  4.94799999995e-06
6 7  1.71199999999e-06
6 4  2.7789999999e-06
6 7  4.40899999998e-06
6 0  1.48099999997e-06
6 4  1.43400000008e-06
6 7  1.64499999999e-06
6 4  6.14500000018e-06
6 0  2.83899999998e-06
6 4  5.47099999992e-06
6 0  1.47200000011e-06
6 7  1.80999999988e-06
6 7  1.56399999995e-06
6 0  2.52399999989e-06
6 4  1.6650000001e-06
6 4  1.0308e-05
6 7  1.55899999998e-06
6 0  2.84399999995e-06
6 0  9.29299999997e-06
6 7  4.64899999986e-06
6 4  1.55599999996e-06
6 7  7.63000000004e-06
6 4  4.56599999987e-06
6 0  1.4960000001e-06
6 4  8.92899999982e-06
6 7  1.51999999987e-06
6 0  2.34899999985e-06
6 0  1.98900000004e-06
6 4  2.39899999999e-06
6 6  1.68999999994e-06
6 7  1.59499999985e-06
6 7  9.50599999983e-06
6 6  1.60199999999e-06
6 4  3.21300000006e-06
6 0  1.69400000005e-06
6 6  7.32700000006e-06
6 0  1.48899999997e-06
6 4  1.30200000004e-06
6 7  1.61600000004e-06
6 7  1.3928e-05
6 6  1.98600000001e-06
6 0  5.25600000012e-06
6 4  1.56899999992e-06
6 6  2.19000000001e-06
6 0  6.28999999996e-06
6 7  2.86699999985e-06
6 4  2.19199999996e-06
6 0  1.40399999982e-06
6 4  6.47600000003e-06
6 6  2.71600000001e-06
6 7  2.70399999991e-06
6 0  5.76800000007e-06
6 7  2.03400000021e-06
6 4  2.29200000001e-06
6 6  1.69200000011e-06
6 7  1.7699999999e-06
6 0  1.58900000002e-06
6 6  1.80900000002e-06
6 4  1.81200000005e-06
6 0  1.50899999984e-06
6 4  1.05850000001e-05
6 7  4.57600000003e-06
6 6  1.45900000015e-06
6 6  8.18300000005e-06
6 4  1.76299999999e-06
6 0  1.31999999997e-06
6 7  2.50700000004e-06
6 4  1.24079999999e-05
6 0  1.7069999998e-06
6 7  5.60700000007e-06
6 6  2.60100000005e-06
6 0  1.72999999992e-06
6 6  1.53000000003e-06
6 7  1.9899999999e-06
6 4  1.88899999998e-06
6 0  1.70499999985e-06
6 7  2.86900000002e-06
6 6  1.63400000019e-06
6 4  1.7109999999e-06
6 6  6.08999999985e-06
6 4  1.98400000007e-06
6 0  5.95999999997e-06
6 7  1.23699999999e-06
6 7  1.4409e-05
6 6  2.04100000012e-06
6 0  6.50000000002e-06
6 4  2.85100000008e-06
6 6  5.88499999998e-06
6 0  1.89300000009e-06
6 4  2.69099999994e-06
6 7  1.74499999983e-06
6 6  5.19499999996e-06
6 7  1.60699999996e-06
6 0  1.68e-06
6 4  1.51199999987e-06
6 4  1.56299999987e-06
6 7  9.35600000007e-06
6 0  5.11900000011e-06
6 6  1.84399999981e-06
6 6  1.16590000001e-05
6 4  1.66700000004e-06
6 0  5.07000000005e-06
6 7  1.81699999979e-06
6 0  5.28299999991e-06
6 7  1.86000000002e-06
6 6  6.60099999994e-06
6 4  1.36499999992e-06
6 7  5.44800000002e-06
6 6  1.55299999993e-06
6 0  1.55400000001e-06
6 4  1.58100000003e-06
6 6  1.1795e-05
6 7  8.389e-06
6 0  1.739e-06
6 4  1.37700000002e-06
6 0  1.7699999999e-06
6 7  4.72800000018e-06
6 4  1.65500000016e-06
6 6  1.68e-06
6 4  1.24079999999e-05
6 6  5.40800000004e-06
6 0  1.91599999999e-06
6 7  1.64199999997e-06
6 7  2.43900000019e-06
6 6  6.11999999989e-06
6 0  2.77399999993e-06
6 4  1.7419999998e-06
6 6  9.45200000002e-06
6 7  2.03599999993e-06
6 4  2.07099999994e-06
6 0  1.42700000016e-06
6 4  1.77299999993e-06
6 0  1.61900000006e-06
6 6  5.29300000007e-06
6 7  1.17799999999e-06
6 6  1.38599999999e-05
6 0  4.95000000011e-06
6 7  1.78699999998e-06
6 4  3.08000000016e-06
6 6  2.64100000003e-06
6 0  4.7700000001e-06
6 7  1.54499999994e-06
6 4  2.12499999996e-06
6 6  1.71699999996e-06
6 4  1.35300000004e-06
6 0  1.48700000002e-06
6 7  1.81200000005e-06
6 4  1.70899999996e-06
6 7  5.51599999987e-06
6 0  1.5149999999e-06
6 6  1.38400000016e-06
6 6  1.63300000011e-06
6 0  8.03699999996e-06
6 4  5.14000000007e-06
6 7  1.52000000009e-06
6 4  1.8100000001e-06
6 7  5.03600000012e-06
6 0  1.86400000013e-06
6 6  1.77899999998e-06
6 0  1.77599999995e-06
6 6  2.62399999995e-06
6 7  2.48699999994e-06
6 4  2.98899999995e-06
6 1  1.30000000009e-06
6 0  2.47199999981e-06
6 7  6.86000000005e-06
6 4  3.07199999994e-06
6 6  1.31599999986e-06
6 4  1.8514e-05
6 0  1.84400000003e-06
6 7  5.582e-06
6 1  1.93699999995e-06
6 6  1.69699999986e-06
6 6  1.96200000002e-06
6 7  1.85299999989e-06
6 1  6.86899999991e-06
6 4  2.84399999995e-06
6 0  1.82999999998e-06
6 0  6.08899999999e-06
6 1  2.12499999996e-06
6 4  1.79399999989e-06
6 6  2.56100000007e-06
6 7  2.214e-06
6 7  2.00100000014e-06
6 4  1.28099999999e-05
6 1  9.6340000002e-06
6 0  5.99800000001e-06
6 6  1.68900000008e-06
6 0  1.57710000002e-05
6 1  1.08159999999e-05
6 6  5.58599999989e-06
6 7  1.96200000002e-06
6 4  2.69200000003e-06
6 4  2.21700000003e-06
6 6  6.10499999998e-06
6 7  2.24400000004e-06
6 0  1.951e-06
6 1  2.00300000008e-06
6 6  1.57890000001e-05
6 0  1.18710000001e-05
6 7  4.95099999998e-06
6 4  1.56699999998e-06
6 1  1.54799999996e-06
6 7  5.31299999995e-06
6 4  1.54699999988e-06
6 0  1.51999999987e-06
6 1  3.33100000005e-06
6 6  1.99599999995e-06
6 4  1.42899999989e-06
6 1  8.56799999993e-06
6 7  5.32000000009e-06
6 6  1.87800000018e-06
6 0  3.60599999993e-06
6 4  1.98700000009e-06
6 0  1.0045e-05
6 6  6.14199999993e-06
6 7  1.87700000009e-06
6 1  1.91199999988e-06
6 1  1.90899999986e-06
6 0  1.55700000004e-06
6 6  1.80299999997e-06
6 7  5.97400000002e-06
6 4  1.89899999992e-06
6 7  2.44500000002e-06
6 4  1.54400000008e-06
6 6  6.10999999995e-06
6 1  1.96499999983e-06
6 0  1.92099999996e-06
6 0  1.78999999998e-05
6 4  1.80700000008e-06
6 1  6.4689999999e-06
6 6  1.93900000012e-06
6 7  1.17100000008e-06
6 7  1.03410000001e-05
6 4  1.92599999993e-06
6 6  1.75400000013e-06
6 1  8.11199999995e-06
6 0  2.54799999988e-06
6 7  1.74000000008e-06
6 4  5.31799999992e-06
6 6  2.06599999997e-06
6 1  1.63599999992e-06
6 0  2.17199999986e-06
6 6  1.66599999996e-06
6 7  1.95500000011e-06
6 0  1.71500000001e-06
6 1  1.9309999999e-06
6 4  1.52200000003e-06
6 0  1.89699999997e-06
6 7  6.37099999978e-06
6 1  1.78099999992e-06
6 6  2.38399999986e-06
6 4  2.84399999995e-06
6 4  9.43399999986e-06
6 0  5.71799999993e-06
6 7  1.86600000007e-06
6 6  2.73399999995e-06
6 1  1.85899999994e-06
6 1  2.1023e-05
6 4  1.52609999999e-05
6 7  1.0463e-05
6 6  2.59800000002e-06
6 0  1.56200000001e-06
6 0  5.327e-06
6 1  1.83600000003e-06
6 7  1.48700000002e-06
6 4  3.20600000014e-06
6 6  1.90600000005e-06
6 1  1.90999999994e-06
6 7  1.56500000004e-06
6 6  1.99500000009e-06
6 0  1.5040000001e-06
6 4  1.86399999991e-06
6 4  2.07600000013e-06
6 0  1.72499999995e-06
6 6  1.94900000006e-06
6 1  5.81300000002e-06
6 7  1.64499999999e-06
6 1  2.08800000001e-06
6 4  5.59100000008e-06
6 6  1.98700000009e-06
6 0  2.52099999987e-06
6 7  2.78799999998e-06
6 6  5.89800000017e-06
6 7  2.00900000014e-06
6 0  1.80000000016e-06
6 1  1.82700000018e-06
6 4  1.70200000005e-06
6 7  6.39199999997e-06
6 1  1.63200000003e-06
6 0  5.87099999994e-06
6 4  1.36700000009e-06
6 6  1.97000000002e-06
6 0  2.3440000001e-06
6 1  2.16800000019e-06
6 6  1.75499999999e-06
6 7  1.62799999992e-06
6 4  2.84300000009e-06
6 7  1.59599999994e-06
6 1  1.60300000007e-06
6 0  1.72100000007e-06
6 4  5.61700000001e-06
6 6  1.95700000005e-06
6 7  1.85899999994e-06
6 4  1.81799999988e-06
6 1  1.12590000001e-05
6 6  6.8059999998e-06
6 0  2.63400000011e-06
6 7  2.00399999994e-06
6 0  5.8930000002e-06
6 6  1.99700000003e-06
6 4  6.91799999997e-06
6 1  3.34800000013e-06
6 4  1.48599999994e-06
6 7  1.6570000001e-06
6 1  1.78500000003e-06
6 6  1.4479999999e-06
6 0  1.76400000007e-06
6 4  1.8863e-05
6 0  1.2473e-05
6 7  1.71800000004e-06
6 6  5.25200000001e-06
6 1  1.95500000011e-06
6 6  2.06400000002e-06
6 1  9.12299999989e-06
6 4  1.53000000003e-06
6 0  2.60400000007e-06
6 7  1.71599999987e-06
6 6  6.6700000001e-06
6 0  1.90400000011e-06
6 1  1.52500000006e-06
6 4  1.959e-06
6 7  2.00900000014e-06
6 6  1.98699999987e-06
6 0  5.11900000011e-06
6 4  1.78399999995e-06
6 7  2.70199999997e-06
6 1  1.9630000001e-06
6 4  1.20109999999e-05
6 1  8.62699999993e-06
6 0  1.76800000018e-06
6 7  1.27399999994e-06
6 6  1.99699999981e-06
6 6  6.21600000006e-06
6 1  2.14899999995e-06
6 4  1.53700000016e-06
6 0  1.43899999983e-06
6 7  1.61300000001e-06
6 7  2.03100000018e-06
6 0  1.3694e-05
6 6  5.10800000009e-06
6 4  1.48000000011e-06
6 1  1.54900000005e-06
6 4  1.68900000008e-06
6 0  1.64000000002e-06
6 1  2.367e-06
6 6  1.65900000004e-06
6 7  1.85099999994e-06
6 1  1.75800000002e-06
6 4  2.00800000005e-06
6 7  6.12899999997e-06
6 0  1.83400000009e-06
6 6  1.9389999999e-06
6 1  5.87800000007e-06
6 4  1.68e-06
6 7  1.71199999999e-06
6 6  4.45399999993e-06
6 0  1.49399999994e-06
6 4  5.75300000016e-06
6 6  1.9819999999e-06
6 7  1.40599999998e-06
6 0  3.51499999995e-06
6 1  1.83900000006e-06
6 7  2.24399999982e-06
6 4  1.30199999999e-05
6 1  1.75699999994e-06
6 6  1.72600000004e-06
6 0  1.70500000007e-06
6 1  6.66300000018e-06
6 7  2.03599999993e-06
6 6  7.16199999995e-06
6 0  3.04299999998e-06
6 4  1.88700000003e-06
6 6  1.747e-06
6 1  1.44200000007e-06
6 4  2.75499999991e-06
6 7  1.27300000008e-06
6 0  1.98900000004e-06
6 1  1.80799999994e-06
6 4  1.61300000001e-06
6 7  1.99000000012e-06
6 6  2.02900000001e-06
6 0  2.469e-06
6 4  5.51199999999e-06
6 7  1.85200000002e-06
6 1  6.69799999997e-06
6 0  1.77099999998e-06
6 6  2.13100000002e-06
6 4  1.9790000001e-06
6 1  2.05600000003e-06
6 7  2.06900000022e-06
6 6  1.61100000007e-06
6 0  1.35699999992e-06
6 1  7.23199999997e-06
6 0  2.47900000017e-06
6 6  1.892e-06
6 4  1.60500000002e-06
6 7  1.35200000018e-06
6 7  7.10900000001e-06
6 0  2.03099999996e-06
6 6  1.2702e-05
6 1  1.98600000001e-06
6 4  1.629e-06
6 6  1.75000000002e-06
6 1  1.68300000003e-06
6 0  1.79499999997e-06
6 7  1.77899999998e-06
6 4  1.96500000005e-06
6 4  5.26100000009e-06
6 6  1.57699999992e-06
6 0  1.2055e-05
6 7  3.01400000002e-06
6 1  2.18899999993e-06
6 7  5.90299999992e-06
6 1  1.88400000001e-06
6 4  1.35200000018e-06
6 0  1.73700000006e-06
6 1  1.28669999999e-05
6 0  1.7269999999e-06
6 4  5.07999999999e-06
6 7  1.97400000013e-06
6 1  4.55100000019e-06
6 0  1.56099999993e-06
6 4  2.24399999982e-06
6 0  1.64199999997e-06
6 4  2.57700000006e-06
6 1  1.74800000008e-06
6 0  1.49800000004e-06
6 4  1.43999999991e-06
6 1  2.40899999993e-06
6 1  7.69500000009e-06
6 0  4.71699999993e-06
6 4  1.59900000019e-06
6 0  4.9230000001e-06
6 1  1.82399999993e-06
6 4  2.42200000011e-06
6 1  1.68400000011e-06
6 0  1.246e-05
6 4  2.46699999984e-06
6 0  1.43400000008e-06
6 1  2.96400000011e-06
6 4  3.78700000003e-06
6 1  1.46300000003e-06
6 0  2.52599999984e-06
6 4  2.99199999998e-06
6 0  1.73599999997e-06
6 1  2.61700000004e-06
6 4  2.48400000014e-06
6 4  4.63099999992e-06
6 0  1.37499999986e-06
6 1  3.67800000012e-06
6 0  1.78300000009e-06
6 4  1.60399999993e-06
6 1  1.77400000001e-06
6 0  8.008e-06
6 1  4.91599999997e-06
6 4  1.58500000014e-06
6 4  8.98900000013e-06
6 1  1.69800000016e-06
6 0  2.57599999998e-06
6 4  4.47599999998e-06
6 0  1.59299999991e-06
6 0  4.46999999992e-06
6 4  1.52200000003e-06
6 0  4.75600000005e-06
6 4  1.70100000019e-06
6 0  1.63500000006e-06
6 4  2.45300000001e-06
6 0  4.28699999988e-06
6 4  1.45500000004e-06
6 0  5.01199999992e-06
6 4  1.65399999985e-06
6 3  4.69300000017e-06
6 0  1.58400000005e-06
6 4  1.50499999996e-06
6 3  1.83199999992e-06
6 0  5.34799999996e-06
6 4  1.35699999992e-06
6 0  1.49700000018e-06
6 3  1.44899999999e-06
6 4  1.59700000002e-06
6 0  1.64700000016e-06
6 3  5.92599999982e-06
6 4  2.94700000003e-06
6 3  1.43499999994e-06
6 4  5.80500000003e-06
6 0  1.943e-06
6 3  1.66599999996e-06
6 0  2.22600000011e-06
6 4  1.34000000007e-06
6 3  4.224e-06
6 4  1.38899999991e-06
6 3  4.36200000009e-06
6 4  1.60000000005e-06
6 4  4.01300000008e-06
6 3  1.2949999999e-06
6 4  1.4049999999e-06
6 3  2.65899999996e-06
6 3  1.47299999997e-06
6 4  1.34899999993e-06
6 4  1.43400000008e-06
6 3  2.05999999991e-06
6 4  4.76299999996e-06
6 3  1.35899999987e-06
6 4  4.49800000002e-06
6 3  1.65399999985e-06
6 4  1.33599999996e-06
6 3  1.28799999999e-06
6 3  1.29699999984e-06
6 4  3.53599999992e-06
6 3  4.41699999998e-06
6 4  1.42000000003e-06
6 4  1.30499999984e-06
6 3  2.28400000002e-06
6 3  2.37000000003e-06
6 3  2.31199999989e-06
6 3  2.26999999997e-06
6 3  2.19899999987e-06
6 3  3.16599999994e-06
6 3  2.17200000008e-06
6 2  2.48099999989e-06
6 2  2.38999999991e-06
6 2  2.48699999994e-06
6 2  2.27600000002e-06
6 2  2.29200000001e-06
6 2  2.50099999999e-06
6 2  1.19099999996e-06
6 2  2.53299999997e-06
6 2  2.64299999997e-06
6 3  2.13400000004e-06
6 3  2.14499999984e-06
6 3  2.49299999999e-06
6 3  2.43200000005e-06
6 3  2.20200000012e-06
6 3  2.44400000016e-06
6 3  1.78900000014e-06
6 3  2.34499999996e-06
6 3  2.23900000007e-06
6 3  2.26399999992e-06
6 3  2.41899999986e-06
6 3  2.00900000014e-06
6 3  2.206e-06
6 3  2.40399999996e-06
6 3  2.21599999994e-06
6 3  2.36099999995e-06
6 3  2.32500000008e-06
6 3  2.22800000005e-06
6 3  2.27700000011e-06
6 3  2.25200000004e-06
6 3  2.20399999984e-06
6 3  1.79e-06
6 3  1.31899999989e-06
6 3  2.44100000013e-06
6 3  2.28599999996e-06
6 3  2.49199999991e-06
6 3  1.79600000005e-06
6 3  2.18900000015e-06
6 3  1.31300000006e-06
6 3  1.32699999988e-06
6 3  2.34199999993e-06
6 3  2.08200000018e-06
6 3  2.469e-06
6 3  2.17000000013e-06
6 3  1.959e-06
6 3  2.45799999998e-06
6 3  4.23800000005e-06
6 0  1.54600000002e-06
6 0  4.20100000009e-06
6 3  1.47700000008e-06
6 3  1.4359999998e-06
6 0  2.37200000019e-06
6 3  2.44900000013e-06
6 3  1.22899999999e-06
6 3  2.13900000001e-06
6 2  2.16700000011e-06
6 2  2.27600000002e-06
6 2  2.4540000001e-06
6 2  2.62200000001e-06
6 2  2.54199999983e-06
6 2  2.60499999993e-06
6 2  2.57799999992e-06
6 2  2.47899999994e-06
6 2  2.41900000009e-06
6 2  2.3440000001e-06
6 2  2.273e-06
6 2  2.57200000009e-06
6 2  2.49400000008e-06
6 2  2.70899999988e-06
6 2  1.38999999999e-06
6 5  1.32600000002e-06
6 5  1.51900000001e-06
6 2  2.55300000007e-06
6 5  4.55100000019e-06
6 2  1.61300000001e-06
6 2  5.013e-06
6 5  1.47100000003e-06
6 5  4.11599999994e-06
6 2  1.28699999991e-06
6 5  4.00099999998e-06
6 2  1.24699999993e-06
6 2  1.42300000006e-06
6 5  2.59100000011e-06
6 5  4.52899999992e-06
6 2  1.68e-06
6 5  4.75099999986e-06
6 2  1.54900000005e-06
6 2  1.84199999986e-06
6 5  2.40200000001e-06
6 5  1.23100000016e-06
6 2  3.12200000008e-06
6 2  4.70499999983e-06
6 5  1.67399999995e-06
6 2  2.45799999998e-06
6 5  1.27599999988e-06
6 2  1.36200000012e-06
6 5  2.82400000007e-06
6 5  4.22099999997e-06
6 2  1.37200000005e-06
6 5  2.07099999994e-06
6 2  3.16099999997e-06
6 5  1.41399999998e-06
6 2  2.56899999984e-06
6 2  1.33400000002e-06
6 5  1.39399999988e-06
6 2  4.30300000009e-06
6 5  1.50999999993e-06
6 5  4.08399999996e-06
6 2  1.39200000016e-06
6 2  1.58999999988e-06
6 5  2.58900000016e-06
6 2  1.83899999984e-06
6 5  2.94200000006e-06
6 2  1.29100000001e-06
6 5  1.44999999985e-06
6 5  4.15600000014e-06
6 2  1.61700000012e-06
6 5  4.55399999999e-06
6 2  1.425e-06
6 5  1.73500000011e-06
6 2  2.28999999985e-06
6 5  1.50300000001e-06
6 2  1.56500000004e-06
6 5  2.32200000005e-06
6 2  1.36499999992e-06
6 2  1.3120000002e-06
6 5  1.54900000005e-06
6 2  1.5069999999e-06
6 5  2.47099999995e-06
6 2  1.75200000019e-06
6 5  1.32199999991e-06
6 5  1.27899999991e-06
6 2  1.36200000012e-06
6 5  2.6689999999e-06
6 2  1.26799999989e-06
6 2  1.33099999999e-06
6 5  3.89299999992e-06
6 2  2.50200000007e-06
6 5  1.32399999986e-06
6 5  1.32999999991e-06
6 2  4.00099999998e-06
6 5  2.79400000003e-06
6 5  5.27099999981e-06
6 2  1.35800000001e-06
6 5  2.31199999989e-06
6 2  1.43199999991e-06
6 2  1.50900000007e-06
6 5  3.32600000008e-06
6 2  4.08499999982e-06
6 5  1.36199999989e-06
6 5  4.90499999994e-06
6 2  1.47399999983e-06
6 5  1.46299999981e-06
6 2  3.33499999994e-06
6 2  4.15300000012e-06
6 5  1.35199999995e-06
6 5  1.2949999999e-06
6 2  2.65700000002e-06
6 5  2.33900000013e-06
6 2  1.58800000016e-06
6 2  2.58500000005e-06
6 5  3.08900000001e-06
6 2  4.68999999992e-06
6 5  1.56900000015e-06
6 5  2.01999999994e-06
6 2  1.46700000014e-06
6 5  1.42999999997e-06
6 2  2.31100000003e-06
6 2  2.36200000003e-06
6 5  2.4540000001e-06
6 2  4.32999999989e-06
6 5  1.37700000002e-06
6 2  1.58900000002e-06
6 5  2.92599999985e-06
6 0  1.43899999983e-06
6 5  2.29399999996e-06
6 2  1.55400000001e-06
6 2  1.53000000003e-06
6 5  6.44500000013e-06
6 0  2.72400000001e-06
6 7  5.59600000005e-06
6 5  1.77700000004e-06
6 2  6.81799999991e-06
6 0  1.36399999984e-06
6 0  1.75700000016e-06
6 7  5.02599999996e-06
6 2  1.78000000006e-06
6 5  1.77000000012e-06
6 0  1.74500000005e-06
6 7  2.75900000002e-06
6 5  1.35800000001e-06
6 2  1.13400000012e-06
6 2  1.79199999994e-06
6 7  1.16899999991e-06
6 0  1.47699999986e-06
6 5  1.49299999985e-06
6 2  5.35299999993e-06
6 5  1.9710000001e-06
6 7  2.63100000009e-06
6 0  2.48399999991e-06
6 2  1.53399999991e-06
6 7  1.70700000002e-06
6 5  1.69700000008e-06
6 0  3.27099999997e-06
6 2  1.2575e-05
6 0  5.15699999992e-06
6 5  1.80499999991e-06
6 7  1.22200000008e-06
6 5  1.42620000001e-05
6 0  5.18800000004e-06
6 7  1.83599999981e-06
6 2  1.8719999999e-06
6 0  5.53799999992e-06
6 5  2.01899999985e-06
6 7  1.38399999994e-06
6 2  1.93199999998e-06
6 5  1.63399999997e-06
6 2  8.00999999995e-06
6 7  4.88800000009e-06
6 0  1.61900000006e-06
6 0  9.76600000002e-06
6 7  5.23799999996e-06
6 5  1.89100000014e-06
6 2  1.527e-06
6 2  1.48099999997e-06
6 7  7.74300000006e-06
6 0  2.77199999998e-06
6 0  9.09100000013e-06
6 7  5.00800000003e-06
6 2  1.54499999994e-06
6 2  8.98900000013e-06
6 7  1.48700000002e-06
6 0  2.68400000003e-06
6 7  4.15800000009e-06
6 0  1.30399999998e-06
6 2  2.73500000003e-06
6 2  1.125e-05
6 0  1.53900000011e-06
6 7  2.69200000003e-06
6 0  1.78899999992e-06
6 7  1.16899999991e-06
6 2  1.53199999997e-06
6 0  1.75199999997e-06
6 2  5.92700000013e-06
6 7  2.71499999993e-06
6 2  4.64300000003e-06
6 7  1.64499999999e-06
6 0  1.65200000013e-06
6 7  1.50700000012e-06
6 0  2.56100000007e-06
6 2  3.6670000001e-06
6 2  1.52299999989e-06
6 7  2.52199999995e-06
6 0  1.47200000011e-06
6 2  9.7939999999e-06
6 0  1.80200000011e-06
6 7  1.24000000001e-06
6 7  4.25500000012e-06
6 0  1.39199999993e-06
6 2  1.64999999996e-06
6 0  1.45400000018e-06
6 2  2.69900000016e-06
6 7  3.75099999994e-06
6 0  1.43499999994e-06
6 7  2.48399999991e-06
6 2  1.64600000008e-06
6 7  8.84600000006e-06
6 0  1.468e-06
6 2  2.73899999992e-06
6 0  1.90099999986e-06
6 2  6.85599999994e-06
6 7  1.30800000009e-06
6 0  4.72799999995e-06
6 7  1.747e-06
6 2  1.52399999997e-06
6 0  1.4140000002e-06
6 7  1.53300000005e-06
6 2  2.82100000004e-06
6 7  5.19399999988e-06
6 2  1.44400000002e-06
6 0  2.18699999999e-06
6 0  9.05699999998e-06
6 2  4.80400000002e-06
6 7  1.55200000007e-06
6 0  1.57399999989e-06
6 2  6.93800000007e-06
6 7  1.62400000003e-06
6 7  1.31700000017e-06
6 0  2.14200000004e-06
6 2  1.55999999985e-06
6 7  2.62200000001e-06
6 0  2.37200000019e-06
6 0  1.59500000008e-06
6 0  1.42700000016e-06
6 7  1.57499999998e-06
6 2  1.49999999999e-06
6 2  1.42399999992e-06
6 7  2.40200000001e-06
6 0  1.5550000001e-06
6 0  1.68300000003e-06
6 2  5.49599999999e-06
6 7  1.13900000009e-06
6 7  5.1029999999e-06
6 0  1.47700000008e-06
6 2  2.33199999999e-06
6 7  5.08300000002e-06
6 2  1.77800000012e-06
6 0  3.35899999993e-06
6 2  1.57900000008e-06
6 7  2.73099999992e-06
6 0  1.47400000006e-06
6 2  1.44899999999e-06
6 7  1.739e-06
6 0  2.32199999983e-06
6 2  4.56600000009e-06
6 0  1.61700000012e-06
6 7  2.42500000014e-06
6 2  1.52200000003e-06
6 7  1.67200000001e-06
6 0  1.47900000003e-06
6 2  1.65299999999e-06
6 7  5.23299999999e-06
6 0  1.32600000002e-06
6 0  4.66399999999e-06
6 7  1.50199999993e-06
6 2  2.367e-06
6 2  4.6119999999e-06
6 0  1.4960000001e-06
6 7  2.66500000001e-06
6 2  7.92000000005e-06
6 0  5.04300000004e-06
6 7  1.79199999994e-06
6 2  4.911e-06
6 7  1.67200000001e-06
6 0  1.66200000007e-06
6 7  9.36900000004e-06
6 0  1.3259999998e-06
6 2  3.1519999999e-06
6 0  4.21099999981e-06
6 7  1.23900000015e-06
6 2  1.59500000008e-06
6 2  1.75899999988e-06
6 0  1.84400000003e-06
6 7  2.25099999995e-06
6 0  4.49899999988e-06
6 7  1.49199999999e-06
6 2  1.53600000008e-06
6 0  9.08599999994e-06
6 2  1.59499999985e-06
6 7  1.2020000002e-06
6 0  1.44299999993e-06
6 2  5.73800000003e-06
6 7  1.64000000002e-06
6 0  2.34200000016e-06
6 2  2.57999999986e-06
6 7  1.75199999997e-06
6 2  1.64700000016e-06
6 7  6.0770000001e-06
6 0  2.67899999984e-06
6 2  1.60399999993e-06
6 0  2.86400000005e-06
6 7  1.46699999992e-06
6 2  1.36200000012e-06
6 7  1.58199999989e-06
6 0  1.5550000001e-06
6 0  1.31999999997e-06
6 2  1.67399999995e-06
6 7  1.35000000001e-06
6 7  4.59800000008e-06
6 0  1.55700000004e-06
6 2  2.49900000004e-06
6 0  1.06179999999e-05
6 2  4.9230000001e-06
6 7  1.63000000009e-06
6 0  4.71200000018e-06
6 7  1.45800000007e-06
6 2  1.417e-06
6 2  1.41800000009e-06
6 7  3.82700000001e-06
6 0  1.48200000005e-06
6 7  1.96099999994e-06
6 0  5.54599999991e-06
6 2  1.77200000007e-06
6 2  4.70899999994e-06
6 0  1.56899999992e-06
6 7  2.42199999989e-06
6 0  4.60700000016e-06
6 2  1.62500000012e-06
6 7  2.29399999996e-06
6 0  1.12760000002e-05
6 7  1.63399999997e-06
6 2  2.94899999997e-06
6 2  1.75699999994e-06
6 0  1.67800000006e-06
6 7  1.44899999999e-06
6 7  1.51700000006e-06
6 0  2.31699999986e-06
6 2  1.50199999993e-06
6 7  1.39399999988e-06
6 0  1.46099999987e-06
6 2  1.52300000011e-06
6 7  1.5240000002e-06
6 0  2.46799999992e-06
6 2  1.69700000008e-06
6 2  1.01969999999e-05
6 7  4.83100000004e-06
6 0  1.69699999986e-06
6 7  1.54900000005e-06
6 0  2.58100000017e-06
6 2  2.51100000015e-06
6 2  1.484e-06
6 7  2.30600000006e-06
6 0  1.64599999986e-06
6 7  1.5069999999e-06
6 0  5.20799999992e-06
6 2  1.6169999999e-06
6 0  7.54200000008e-06
6 2  4.78800000003e-06
6 7  1.48200000005e-06
6 7  1.12910000001e-05
6 0  1.70399999999e-06
6 2  2.7119999999e-06
6 2  1.79400000011e-06
6 7  6.42699999998e-06
6 0  2.75900000002e-06
6 7  1.63900000016e-06
6 2  2.69599999991e-06
6 0  1.42199999997e-06
6 0  1.50999999993e-06
6 2  2.55900000012e-06
6 7  1.66700000004e-06
6 0  1.55699999982e-06
6 7  1.67699999998e-06
6 2  3.67300000015e-06
6 7  1.43399999986e-06
6 2  1.51700000006e-06
6 0  2.47299999989e-06
6 7  1.54699999988e-06
6 2  5.45299999999e-06
6 0  1.53899999988e-06
6 7  2.59400000013e-06
6 2  1.56699999998e-06
6 7  2.579e-06
6 0  1.27399999994e-06
6 0  1.56799999984e-06
6 0  1.54600000002e-06
6 2  5.54099999994e-06
6 7  1.19499999984e-06
6 7  4.14299999996e-06
6 0  1.527e-06
6 2  1.43099999983e-06
6 0  1.53099999989e-06
6 7  6.57000000004e-06
6 2  2.79299999995e-06
6 2  1.15859999998e-05
6 7  1.35499999998e-06
6 0  2.70999999996e-06
6 7  1.49999999999e-06
6 2  7.07099999997e-06
6 0  1.69199999989e-06
6 2  4.82099999988e-06
6 7  1.72900000006e-06
6 0  2.2420000001e-06
6 2  2.10199999984e-06
6 0  5.50900000018e-06
6 7  2.41699999992e-06
6 2  8.57899999995e-06
6 0  4.43199999989e-06
6 7  1.53099999989e-06
6 7  1.38199999999e-06
6 0  4.46799999998e-06
6 2  1.45200000001e-06
6 7  1.98700000009e-06
6 2  1.40400000004e-06
6 0  1.59399999999e-06
6 0  8.50200000002e-06
6 2  4.85599999989e-06
6 7  1.66899999998e-06
6 7  4.48599999991e-06
6 0  1.43400000008e-06
6 2  1.6089999999e-06
6 0  4.63100000014e-06
6 2  1.54499999994e-06
6 7  3.52200000009e-06
6 7  4.63099999992e-06
6 0  1.46700000014e-06
6 2  1.78500000003e-06
6 7  1.53199999997e-06
6 2  2.69800000008e-06
6 0  1.54399999985e-06
6 0  4.91400000002e-06
6 7  1.82599999987e-06
6 2  3.78400000001e-06
6 0  1.56200000001e-06
6 2  1.66499999987e-06
6 7  2.646e-06
6 2  2.44599999988e-06
6 0  1.46000000001e-06
6 7  2.76200000005e-06
6 7  4.64900000008e-06
6 0  1.50899999984e-06
6 2  1.71199999999e-06
6 2  2.0300000001e-06
6 0  5.95999999997e-06
6 7  2.67400000009e-06
6 2  4.20899999987e-06
6 0  1.22999999985e-06
6 7  2.52899999986e-06
6 7  1.28699999991e-06
6 2  4.64800000022e-06
6 0  1.75899999988e-06
6 0  4.65699999985e-06
6 2  1.59199999983e-06
6 7  1.53999999997e-06
6 7  2.08699999993e-06
6 0  6.4609999999e-06
6 2  3.05899999997e-06
6 2  7.38700000014e-06
6 7  4.67800000004e-06
6 0  1.52899999994e-06
6 0  7.28200000011e-06
6 7  4.46400000009e-06
6 2  1.47500000014e-06
6 2  1.71699999996e-06
6 7  6.10000000001e-06
6 0  2.86399999982e-06
6 2  9.15899999998e-06
6 0  1.50499999996e-06
6 7  2.7170000001e-06
6 0  1.58399999983e-06
6 2  7.33299999989e-06
6 7  1.99599999995e-06
6 2  1.47200000011e-06
6 0  2.32899999997e-06
6 7  1.45899999993e-06
6 7  1.60699999996e-06
6 2  6.0770000001e-06
6 0  3.06899999991e-06
6 7  4.72100000004e-06
6 0  1.7189999999e-06
6 2  1.45500000004e-06
6 7  1.51500000012e-06
6 2  2.56199999993e-06
6 0  2.0839999999e-06
6 7  1.3969999999e-06
6 0  1.48899999997e-06
6 2  1.12699999999e-06
6 7  1.50199999993e-06
6 2  1.99700000003e-06
6 0  1.46599999984e-06
6 2  1.28600000004e-06
6 0  1.24199999996e-06
6 7  1.58999999988e-06
6 0  1.64100000011e-06
6 2  1.46000000001e-06
6 7  2.88600000009e-06
6 0  1.17099999986e-06
6 7  4.69799999991e-06
6 2  8.5400000005e-07
6 0  7.82999999949e-07
6 2  1.9710000001e-06
6 7  1.38000000005e-06
6 0  2.24800000015e-06
6 2  8.9459999999e-06
6 7  1.61400000009e-06
6 0  2.35599999998e-06
6 2  4.23599999988e-06
6 0  1.38899999991e-06
6 7  1.71699999996e-06
6 2  1.51199999987e-06
6 7  5.57500000009e-06
6 0  2.37899999989e-06
6 2  1.65299999999e-06
6 7  2.46999999987e-06
6 0  1.57300000003e-06
6 2  1.68399999989e-06
6 7  2.61899999998e-06
6 0  3.00900000005e-06
6 0  1.04639999998e-05
6 2  1.49500000002e-06
6 7  1.63200000003e-06
6 2  4.7190000001e-06
6 0  1.53600000008e-06
6 7  1.65100000005e-06
6 2  1.38699999996e-06
6 0  6.44499999991e-06
6 7  3.215e-06
6 7  1.48799999988e-06
6 2  1.55600000018e-06
6 0  1.77099999998e-06
6 2  1.4049999999e-06
6 7  1.51200000009e-06
6 0  3.14300000004e-06
6 2  2.26600000008e-06
6 7  8.61399999996e-06
6 2  4.70000000008e-06
6 0  1.45000000007e-06
6 7  1.2203e-05
6 0  1.51199999987e-06
6 2  2.7090000001e-06
6 0  1.20199999998e-06
6 7  4.53400000011e-06
6 0  1.46699999992e-06
6 2  1.46200000017e-06
6 0  1.24700000015e-06
6 2  1.51700000006e-06
6 7  1.213e-06
6 0  1.56699999998e-06
6 2  7.65299999994e-06
6 0  4.66099999996e-06
6 7  1.53699999994e-06
6 0  1.53999999997e-06
6 7  2.587e-06
6 2  1.374e-06
6 0  1.22899999999e-06
6 7  9.06100000009e-06
6 2  1.60699999996e-06
6 0  2.35900000001e-06
6 7  1.57400000012e-06
6 2  1.90200000016e-06
6 0  1.8180000001e-06
6 2  4.79099999984e-06
6 0  1.68e-06
6 7  2.57300000017e-06
6 7  1.468e-06
6 0  1.49300000007e-06
6 2  1.4639999999e-06
6 7  1.52599999992e-06
6 2  1.28499999996e-06
6 0  3.05099999998e-06
6 0  9.03400000007e-06
6 2  5.10300000012e-06
6 7  1.629e-06
6 7  1.1336e-05
6 0  1.80700000008e-06
6 2  2.80699999999e-06
6 7  4.81600000013e-06
6 2  1.80200000011e-06
6 0  1.43200000013e-06
6 0  2.09900000003e-06
6 7  6.37499999989e-06
6 2  2.83399999979e-06
6 7  4.95299999992e-06
6 2  1.50499999996e-06
6 0  1.72199999993e-06
6 2  3.99400000006e-06
6 0  1.34200000002e-06
6 7  1.96200000002e-06
6 0  4.59200000003e-06
6 7  1.52000000009e-06
6 2  3.35099999993e-06
6 2  6.08400000002e-06
6 0  2.12300000002e-06
6 7  2.77600000009e-06
6 7  2.07100000016e-06
6 0  1.38899999991e-06
6 2  1.49699999996e-06
6 7  1.59900000019e-06
6 2  6.21100000009e-06
6 0  2.681e-06
6 2  7.78199999996e-06
6 7  4.71600000007e-06
6 0  1.57199999995e-06
6 0  4.58499999989e-06
6 7  1.49000000005e-06
6 2  2.65099999996e-06
6 2  4.326e-06
6 7  1.37700000002e-06
6 2  1.24800000001e-06
6 7  2.52600000006e-06
6 2  2.79299999995e-06
6 7  1.41200000003e-06
6 7  2.49199999991e-06
6 2  2.47800000008e-06
6 2  1.39399999988e-06
6 7  3.7890000002e-06
6 2  2.66800000004e-06
6 7  8.83999999868e-07
6 2  1.52900000017e-06
6 7  2.59800000002e-06
6 7  1.45099999993e-06
6 2  2.65200000005e-06
6 7  4.49600000008e-06
6 2  1.53199999997e-06
6 2  4.54800000016e-06
6 7  1.44899999999e-06
6 7  1.50499999996e-06
6 2  2.65899999996e-06
6 2  5.16100000003e-06
6 7  1.51200000009e-06
6 7  4.49999999996e-06
6 2  1.60400000015e-06
6 7  4.64300000003e-06
6 2  1.89800000006e-06
6 2  1.25900000003e-06
6 7  1.30700000001e-06
6 2  4.35999999993e-06
6 7  1.40299999996e-06
6 7  1.30700000001e-06
6 2  2.83400000001e-06
6 2  4.70799999985e-06
6 7  1.51800000014e-06
6 2  2.3870000001e-06
6 7  1.29199999988e-06
6 2  1.42600000008e-06
6 7  2.52199999995e-06
6 7  1.53899999988e-06
6 2  2.87599999993e-06
6 2  2.35899999979e-06
6 2  2.38299999999e-06
6 2  2.60799999996e-06
6 2  2.53900000002e-06
6 2  2.45199999993e-06
6 2  2.63700000014e-06
6 2  2.24900000001e-06
6 2  2.56499999995e-06
6 2  2.24399999982e-06
6 2  2.78600000003e-06
6 2  2.67399999987e-06
6 2  2.53900000002e-06
6 2  2.579e-06
6 2  2.6099999999e-06
6 2  2.35399999982e-06
6 2  2.62400000017e-06
6 2  2.54300000013e-06
6 2  2.27399999986e-06
6 2  2.37199999997e-06
6 2  2.587e-06
6 2  2.20899999981e-06
6 2  2.67999999992e-06
6 2  2.41499999998e-06
6 2  2.29899999993e-06
6 2  2.52700000014e-06
6 2  2.81200000019e-06
6 2  2.47399999997e-06
6 2  2.33699999996e-06
6 2  2.26599999986e-06
6 2  2.31900000003e-06
6 2  2.61400000001e-06
6 2  2.62099999992e-06
6 2  2.47200000003e-06
6 2  2.68799999992e-06
6 2  2.46200000009e-06
6 2  2.43600000016e-06
6 2  2.78400000009e-06
6 2  2.469e-06
6 2  2.41400000012e-06
6 2  1.17900000007e-06
6 2  2.32199999983e-06
6 2  2.59199999997e-06
6 2  2.66799999982e-06
6 2  2.38200000013e-06
6 2  2.42400000006e-06
6 2  2.72400000001e-06
6 2  2.64399999983e-06
6 2  2.5159999999e-06
6 2  2.45600000004e-06
6 2  2.64799999994e-06
6 2  2.36399999998e-06
6 2  2.51200000001e-06
6 2  2.51900000015e-06
6 2  2.74300000003e-06
6 2  4.22599999994e-06
6 0  1.27400000016e-06
6 0  1.58199999989e-06
6 2  2.66500000001e-06
6 0  2.15999999997e-06
6 2  1.57000000001e-06
6 1  2.21800000011e-06
6 0  1.56200000001e-06
6 2  1.45399999996e-06
6 0  2.34399999988e-06
6 1  3.68599999989e-06
6 1  1.53999999997e-06
6 0  2.27900000005e-06
6 2  1.527e-06
6 1  1.34699999998e-06
6 2  1.43200000013e-06
6 0  1.28399999988e-06
6 2  1.41900000017e-06
6 0  5.50300000013e-06
6 1  1.3029999999e-06
6 2  9.85099999995e-06
6 1  4.7219999999e-06
6 0  1.44599999996e-06
6 1  1.61499999995e-06
6 2  2.53200000011e-06
6 0  1.41000000009e-06
6 1  5.02700000005e-06
6 0  1.85399999997e-06
6 2  3.0339999999e-06
6 2  8.88499999996e-06
6 1  4.68300000001e-06
6 0  1.57400000012e-06
6 0  4.89799999981e-06
6 2  1.56000000007e-06
6 1  1.75599999985e-06
6 2  9.62700000007e-06
6 0  1.48599999994e-06
6 1  2.50200000007e-06
6 1  1.57199999995e-06
6 0  2.36899999995e-06
6 2  1.60199999999e-06
6 1  4.1449999999e-06
6 2  1.38399999994e-06
6 0  1.53999999997e-06
6 2  1.35000000001e-06
6 0  1.49800000004e-06
6 1  1.19800000009e-06
6 1  9.69299999998e-06
6 0  4.65499999991e-06
6 2  1.91799999993e-06
6 1  1.03259999999e-05
6 2  5.45499999993e-06
6 0  1.57700000014e-06
6 0  4.23999999999e-06
6 2  1.50799999998e-06
6 1  1.47500000014e-06
6 1  1.59200000005e-06
6 0  2.76399999999e-06
6 2  1.58400000005e-06
6 0  1.45899999993e-06
6 2  5.66499999999e-06
6 1  2.58599999992e-06
6 2  8.62700000015e-06
6 0  1.82999999998e-06
6 1  1.16299999986e-06
6 1  1.58900000002e-06
6 0  2.30400000012e-06
6 2  1.51699999984e-06
6 1  1.58999999988e-06
6 2  2.53400000005e-06
6 0  3.25300000004e-06
6 0  8.36699999995e-06
6 1  4.62899999998e-06
6 2  1.71000000004e-06
6 2  7.64099999984e-06
6 1  4.72499999993e-06
6 0  1.535e-06
6 2  5.35999999984e-06
6 1  1.46499999998e-06
6 0  2.65099999996e-06
6 1  1.64700000016e-06
6 2  5.56799999996e-06
6 0  1.527e-06
6 1  9.44400000003e-06
6 0  1.53199999997e-06
6 2  2.62100000015e-06
6 1  1.52800000008e-06
6 2  2.92999999996e-06
6 0  2.36099999995e-06
6 0  1.68099999986e-06
6 1  1.64000000002e-06
6 2  1.52099999995e-06
6 1  1.56899999992e-06
6 2  1.96400000019e-06
6 0  1.51400000004e-06
6 2  3.99299999998e-06
6 0  1.33700000005e-06
6 1  1.42699999994e-06
6 0  1.26000000011e-06
6 1  1.60999999999e-06
6 2  1.24899999987e-06
6 2  1.4049999999e-06
6 0  1.51999999987e-06
6 1  1.50000000021e-06
6 1  1.47199999989e-06
6 0  2.38600000002e-06
6 2  1.76599999979e-06
6 2  8.68000000009e-06
6 1  4.78600000009e-06
6 0  1.97099999988e-06
6 2  1.74200000003e-06
6 0  2.46399999981e-06
6 1  1.28999999993e-06
6 2  1.7280000002e-06
6 1  2.47599999992e-06
6 0  1.221e-06
6 1  4.7310000002e-06
6 0  1.76600000001e-06
6 2  1.23600000013e-06
6 2  1.53900000011e-06
6 0  3.27799999988e-06
6 1  1.68e-06
6 0  1.91500000013e-06
6 1  1.32999999991e-06
6 2  2.77399999993e-06
6 1  4.54499999991e-06
6 2  1.433e-06
6 0  2.20999999989e-06
6 0  4.24499999996e-06
6 2  1.32999999991e-06
6 1  1.38699999996e-06
6 0  1.30399999998e-06
6 1  1.38999999999e-06
6 2  1.13199999996e-06
6 1  9.99700000004e-06
6 0  1.53200000019e-06
6 2  1.50999999993e-06
6 0  5.20299999995e-06
6 2  1.81200000005e-06
6 1  2.58600000014e-06
6 2  1.47500000014e-06
6 1  1.31600000008e-06
6 0  1.49500000002e-06
6 2  1.34200000002e-06
6 0  1.94200000014e-06
6 1  1.13199999996e-06
6 2  1.69100000003e-06
6 1  6.62800000018e-06
6 0  2.75700000008e-06
6 1  1.51799999992e-06
6 0  5.00100000012e-06
6 2  1.68300000003e-06
6 1  5.45600000001e-06
6 0  1.66400000001e-06
6 2  1.64099999989e-06
6 1  2.155e-06
6 1  4.16100000011e-06
6 2  1.32900000005e-06
6 0  1.55899999998e-06
6 0  1.54900000005e-06
6 1  1.12699999999e-06
6 2  1.69500000013e-06
6 1  8.96400000006e-06
6 2  1.51400000004e-06
6 0  2.42200000011e-06
6 0  4.63699999997e-06
6 2  1.56200000001e-06
6 1  2.30200000018e-06
6 0  4.65399999983e-06
6 1  1.77000000012e-06
6 2  1.24899999987e-06
6 2  4.85800000005e-06
6 1  1.70200000005e-06
6 0  1.55899999998e-06
6 2  1.30700000001e-06
6 0  1.53699999994e-06
6 1  1.27699999997e-06
6 2  2.04999999998e-06
6 0  2.62500000003e-06
6 1  2.58900000016e-06
6 0  1.46000000001e-06
6 1  2.28099999999e-06
6 2  1.527e-06
6 2  1.98299999998e-06
6 0  5.3659999999e-06
6 1  1.272e-06
6 0  1.54900000005e-06
6 2  2.89900000006e-06
6 1  1.55899999998e-06
6 1  4.58800000014e-06
6 0  1.71199999999e-06
6 2  2.14900000017e-06
6 0  1.38399999994e-06
6 2  2.73099999992e-06
6 1  1.58799999994e-06
6 2  1.67800000006e-06
6 1  1.586e-06
6 0  1.53999999997e-06
6 0  1.85200000002e-06
6 1  2.63700000014e-06
6 2  2.60299999999e-06
6 0  4.88899999995e-06
6 1  1.7670000001e-06
6 2  1.57999999995e-06
6 2  2.29699999998e-06
6 0  1.16600000011e-06
6 1  1.51799999992e-06
6 2  6.43300000003e-06
6 0  1.25299999998e-06
6 0  4.48199999981e-06
6 2  1.47199999989e-06
6 2  1.54200000013e-06
6 0  2.3039999999e-06
6 2  2.4540000001e-06
6 0  1.40299999996e-06
6 0  1.28700000013e-06
6 2  3.76800000002e-06
6 2  4.31700000014e-06
6 0  1.41899999995e-06
6 0  4.92200000002e-06
6 2  1.64400000013e-06
6 0  2.06400000002e-06
6 2  2.81300000005e-06
6 0  4.72099999982e-06
6 2  1.45899999993e-06
6 0  1.53399999991e-06
6 2  2.20100000003e-06
6 0  1.32700000011e-06
6 2  2.54300000013e-06
6 2  5.09100000001e-06
6 0  1.82800000004e-06
6 0  1.29299999996e-06
6 2  2.1830000001e-06
6 0  1.40699999984e-06
6 2  1.39499999996e-06
6 2  2.31100000003e-06
6 0  2.24400000004e-06
6 2  2.56200000015e-06
6 2  2.71400000007e-06
6 2  2.58399999997e-06
6 2  2.54099999997e-06
6 2  2.77900000012e-06
6 2  2.47399999997e-06
6 2  2.63899999986e-06
6 2  2.485e-06
6 2  2.47000000009e-06
6 2  2.4959999998e-06
6 2  2.28599999996e-06
6 2  2.43299999991e-06
6 2  2.42700000008e-06
6 2  2.45499999996e-06
6 2  2.2019999999e-06
