-total num of scheduling:479
-avg overhead:2.93598329854e-06
6 4  5.619e-06
6 2  2.036e-06
6 7  1.74e-06
6 6  6.318e-06
6 3  2.101e-06
6 3  1.2947e-05
6 2  6.05e-06
6 6  2.157e-06
6 7  1.314e-06
6 4  1.965e-06
6 2  6.11e-06
6 3  1.959e-06
6 4  2.012e-06
6 7  3.976e-06
6 6  1.883e-06
6 6  1.757e-06
6 4  1.917e-06
6 3  1.574e-06
6 2  1.219e-06
6 7  2.747e-06
6 6  1.719e-06
6 4  1.59e-06
6 3  1.691e-06
6 2  1.555e-06
6 7  2.836e-06
6 4  4.548e-06
6 6  1.677e-06
6 7  1.943e-06
6 4  4.489e-06
6 7  1.44e-06
6 6  2.969e-06
6 6  1.237e-06
6 4  1.384e-06
6 7  1.953e-06
6 7  1.489e-06
6 4  1.163e-06
6 6  2.301e-06
6 7  1.373e-06
6 6  2.66e-06
6 4  3.546e-06
6 7  9.402e-06
6 6  4.552e-06
6 4  1.631e-06
6 6  2.271e-06
6 7  2.606e-06
6 4  1.862e-06
6 6  1.572e-06
6 7  2.525e-06
6 4  2.748e-06
6 4  4.257e-06
6 6  1.412e-06
6 7  1.469e-06
6 7  1.1038e-05
6 4  5.216e-06
6 6  1.862e-06
6 7  4.811e-06
6 6  1.564e-06
6 4  5.485e-06
6 6  4.876e-06
6 7  1.594e-06
6 4  2.117e-06
6 7  4.624e-06
6 4  1.662e-06
6 6  1.501e-06
6 6  1.812e-06
6 7  2.412e-06
6 4  1.702e-06
6 4  9.362e-06
6 6  1.516e-06
6 7  2.772e-06
6 4  1.0633e-05
6 6  1.59e-06
6 7  1.604e-06
6 4  1.484e-06
6 7  2.264e-06
6 6  1.555e-06
6 7  1.1233e-05
6 6  1.558e-06
6 4  2.767e-06
6 4  7.347e-06
6 6  4.585e-06
6 7  1.49e-06
6 0  1.1778e-05
6 6  8.552e-06
6 4  5.366e-06
6 7  1.714e-06
6 4  1.787e-06
6 6  1.465e-06
6 7  3.948e-06
6 0  1.577e-06
6 4  1.937e-06
6 0  1.542e-06
6 6  1.165e-06
6 7  2.763e-06
6 6  1.905e-06
6 0  1.879e-06
6 7  1.862e-06
6 4  1.772e-06
6 4  1.5467e-05
6 6  1.0131e-05
6 7  1.72e-06
6 0  3.103e-06
6 7  5.266e-06
6 4  1.746e-06
6 0  6.205e-06
6 6  2.943e-06
6 7  4.464e-06
6 4  1.367e-06
6 0  1.489e-06
6 6  2.572e-06
6 7  1.452e-06
6 6  2.322e-06
6 0  3.333e-06
6 0  4.846e-06
6 7  1.774e-06
6 6  2.504e-06
6 6  1.3e-06
6 0  3.771e-06
6 7  1.637e-06
6 7  9.329e-06
6 0  4.864e-06
6 6  1.774e-06
6 7  1.702e-06
6 0  1.246e-06
6 6  1.699e-06
6 7  1.63e-06
6 0  2.844e-06
6 6  1.539e-06
6 0  1.58e-06
6 6  4.463e-06
6 7  1.218e-06
6 6  1.758e-06
6 7  1.89900000001e-06
6 6  1.522e-06
6 0  1.468e-06
6 7  1.661e-06
6 0  2.397e-06
6 6  1.739e-06
6 7  1.506e-06
6 6  6.109e-06
6 0  2.314e-06
6 0  2.074e-06
6 6  5.765e-06
6 7  2.708e-06
6 0  1.527e-06
6 6  2.294e-06
6 7  1.615e-06
6 0  1.64599999999e-06
6 7  5.516e-06
6 6  1.795e-06
6 0  2.279e-06
6 6  4.10999999999e-06
6 7  1.38199999999e-06
6 0  5.578e-06
6 7  1.772e-06
6 6  1.681e-06
6 7  9.589e-06
6 6  4.99499999999e-06
6 0  1.83400000001e-06
6 0  8.03e-06
6 7  1.699e-06
6 6  1.347e-06
6 6  2.816e-06
6 6  1.598e-06
6 0  1.24e-06
6 7  1.514e-06
6 7  4.264e-06
6 6  1.657e-06
6 0  1.532e-06
6 0  1.533e-06
6 7  6.16699999999e-06
6 6  1.192e-06
6 6  4.83599999999e-06
6 7  1.265e-06
6 0  1.502e-06
6 0  4.782e-06
6 6  1.647e-06
6 7  1.359e-06
6 6  1.562e-06
6 7  6.777e-06
6 0  1.786e-06
6 7  1.56699999999e-06
6 6  2.35e-06
6 0  1.55199999999e-06
6 7  4.911e-06
6 0  1.657e-06
6 6  3.344e-06
6 7  4.108e-06
6 6  1.216e-06
6 0  1.489e-06
6 0  1.617e-06
6 6  1.593e-06
6 7  2.891e-06
6 0  2.332e-06
6 6  6.113e-06
6 7  1.484e-06
6 0  1.1383e-05
6 7  1.602e-06
6 6  2.804e-06
6 7  4.96000000001e-06
6 0  1.601e-06
6 6  2.212e-06
6 6  9.491e-06
6 0  5.75e-06
6 7  1.829e-06
6 7  9.702e-06
6 0  4.636e-06
6 6  1.589e-06
6 6  1.692e-06
6 7  2.399e-06
6 0  1.488e-06
6 0  1.432e-06
6 7  5.565e-06
6 6  2.534e-06
6 0  2.032e-06
6 6  2.656e-06
6 7  2.259e-06
6 0  1.0188e-05
6 7  1.73000000001e-06
6 6  2.491e-06
6 0  5.503e-06
6 7  1.718e-06
6 6  2.335e-06
6 6  1.551e-06
6 7  2.402e-06
6 0  1.622e-06
6 0  4.793e-06
6 6  1.764e-06
6 7  3.983e-06
6 6  7.574e-06
6 7  4.661e-06
6 0  1.276e-06
6 6  7.75400000001e-06
6 7  4.472e-06
6 0  1.584e-06
6 0  1.509e-06
6 7  2.843e-06
6 6  1.81799999999e-06
6 6  7.564e-06
6 0  4.76e-06
6 7  1.534e-06
6 0  1.556e-06
6 6  2.45e-06
6 7  1.599e-06
6 0  4.925e-06
6 7  1.82899999999e-06
6 6  2.602e-06
6 0  4.35e-06
6 7  1.661e-06
6 7  4.37099999999e-06
6 0  1.522e-06
6 0  4.926e-06
6 7  1.633e-06
6 0  8.36100000001e-06
6 7  4.699e-06
6 5  1.64699999999e-06
6 0  1.0883e-05
6 7  1.206e-06
6 5  2.605e-06
6 7  7.937e-06
6 0  4.803e-06
6 5  1.611e-06
6 5  1.695e-06
6 0  2.484e-06
6 7  1.564e-06
6 5  1.529e-06
6 0  2.80600000001e-06
6 7  3.06100000001e-06
6 7  5.36999999999e-06
6 0  2.295e-06
6 5  1.54399999999e-06
6 7  1.575e-06
6 5  2.431e-06
6 0  3.531e-06
6 5  8.624e-06
6 0  4.641e-06
6 7  1.637e-06
6 5  5.187e-06
6 7  1.547e-06
6 0  1.94399999999e-06
6 0  1.617e-06
6 5  6.962e-06
6 7  3.274e-06
6 7  5.028e-06
6 5  1.67e-06
6 0  1.61899999999e-06
6 5  8.45000000001e-06
6 0  4.434e-06
6 7  1.554e-06
6 7  1.578e-06
6 0  1.505e-06
6 5  1.345e-06
6 0  1.38099999999e-06
6 7  2.91299999999e-06
6 5  1.54400000001e-06
6 7  2.656e-06
6 5  1.49200000001e-06
6 7  2.3e-06
6 0  1.683e-06
6 7  2.601e-06
6 5  1.51699999999e-06
6 0  1.78199999999e-06
6 7  1.504e-06
6 0  2.288e-06
6 5  2.983e-06
6 7  2.52199999999e-06
6 0  4.44699999999e-06
6 5  1.41199999999e-06
6 5  4.373e-06
6 0  1.39e-06
6 0  4.122e-06
6 5  1.354e-06
6 5  5.039e-06
6 0  1.51700000001e-06
6 0  2.70600000001e-06
6 5  8.35000000005e-07
6 0  1.337e-06
6 5  2.30699999999e-06
6 5  4.486e-06
6 0  1.682e-06
6 0  2.06699999999e-06
6 5  1.425e-06
6 5  1.53900000001e-06
6 0  2.982e-06
6 5  4.78800000001e-06
6 0  1.432e-06
6 0  1.503e-06
6 5  1.32e-06
6 0  4.55099999999e-06
6 5  1.689e-06
6 5  1.35400000001e-06
6 0  1.392e-06
6 5  2.28099999999e-06
6 0  2.324e-06
6 0  1.93700000001e-06
6 5  2.35900000001e-06
6 5  1.59100000001e-06
6 0  2.25300000001e-06
6 0  2.19700000001e-06
6 5  1.40999999999e-06
6 0  1.552e-06
6 5  2.247e-06
6 0  4.26100000001e-06
6 5  1.43699999999e-06
6 0  1.46400000001e-06
6 5  2.634e-06
6 5  1.50700000001e-06
6 0  2.43899999999e-06
6 0  2.824e-06
6 5  2.52999999999e-06
6 0  1.46500000001e-06
6 5  1.22399999999e-06
6 5  1.25200000001e-06
6 0  1.394e-06
6 0  5.22e-06
6 5  2.36399999999e-06
6 0  2.292e-06
6 5  2.38699999999e-06
6 0  2.28300000001e-06
6 5  2.05499999999e-06
6 0  1.70699999999e-06
6 5  2.274e-06
6 4  1.64599999999e-06
6 5  9.73899999999e-06
6 0  1.51900000001e-06
6 4  2.62999999999e-06
6 0  1.904e-06
6 4  1.92299999999e-06
6 5  3.131e-06
6 5  1.547e-06
6 4  2.775e-06
6 0  1.67299999999e-06
6 0  8.91400000001e-06
6 5  4.666e-06
6 4  1.58400000001e-06
6 5  9.3e-06
6 0  4.71099999999e-06
6 4  1.555e-06
6 4  4.26699999999e-06
6 5  1.423e-06
6 0  2.197e-06
6 0  1.55700000001e-06
6 0  1.507e-06
6 4  5.884e-06
6 5  2.88400000001e-06
6 0  4.301e-06
6 5  1.467e-06
6 5  2.392e-06
6 5  1.98999999999e-06
6 5  2.20399999999e-06
6 5  2.61200000007e-06
6 5  2.09099999993e-06
6 5  2.05399999997e-06
6 5  2.28199999996e-06
6 5  2.33100000002e-06
6 1  2.36499999995e-06
6 1  2.23199999994e-06
6 1  2.03899999995e-06
6 1  2.36099999995e-06
6 1  2.50400000001e-06
6 1  2.261e-06
6 1  2.214e-06
6 1  2.38200000002e-06
6 1  2.222e-06
6 1  2.30299999993e-06
6 2  2.46400000004e-06
6 2  2.477e-06
6 2  2.45600000004e-06
6 2  2.6540000001e-06
6 2  2.04400000003e-06
6 4  1.99899999997e-06
6 4  2.40900000004e-06
6 4  2.62800000006e-06
6 4  2.12499999996e-06
6 6  2.45300000001e-06
6 4  4.95299999992e-06
6 6  1.55499999999e-06
6 6  2.02999999999e-06
6 4  1.38699999996e-06
6 4  1.34699999998e-06
6 6  4.10300000009e-06
6 6  4.51099999998e-06
6 4  1.33999999996e-06
6 6  1.59099999997e-06
6 4  2.54799999999e-06
6 4  5.77300000004e-06
6 6  2.53799999994e-06
6 4  2.33100000002e-06
6 6  1.36100000003e-06
6 6  1.35400000001e-06
6 4  3.30100000001e-06
6 4  4.75500000008e-06
6 6  1.27100000002e-06
6 6  2.23500000007e-06
6 4  2.29099999993e-06
6 6  3.62400000009e-06
6 4  5.67600000001e-06
6 6  1.70700000002e-06
6 4  4.34799999993e-06
6 6  1.44099999999e-06
6 6  2.08200000007e-06
6 6  2.55800000004e-06
6 6  2.39000000002e-06
6 6  2.057e-06
6 6  2.27600000002e-06
6 6  2.29699999998e-06
6 6  2.22599999999e-06
6 6  2.21499999997e-06
6 6  2.39400000002e-06
6 6  2.11699999997e-06
6 2  2.25700000001e-06
6 2  2.44800000004e-06
6 2  2.36600000014e-06
6 2  2.528e-06
6 2  2.22600000011e-06
6 2  2.30400000012e-06
6 2  2.25599999992e-06
6 2  2.38900000005e-06
6 2  2.28400000002e-06
6 1  2.22999999999e-06
6 1  2.15199999998e-06
6 1  2.48800000002e-06
6 1  2.55800000004e-06
6 1  2.19699999993e-06
6 1  2.35299999995e-06
6 1  2.10999999983e-06
6 1  2.33199999999e-06
6 1  2.28699999982e-06
6 1  2.324e-06
6 5  2.01100000008e-06
6 5  2.46399999981e-06
6 5  2.15100000012e-06
6 5  2.20700000009e-06
6 5  2.25700000001e-06
6 5  2.24400000004e-06
6 2  2.35100000001e-06
6 2  1.34000000007e-06
6 2  2.55199999999e-06
6 2  2.8529999998e-06
