-total num of scheduling:1882
-avg overhead:3.15504091392e-06
6 4  2.099e-06
6 4  2.281e-06
6 4  2.304e-06
6 4  2.364e-06
6 4  1.95e-06
6 4  2.023e-06
6 5  1.262e-06
6 5  2.854e-06
6 4  3.187e-06
6 4  6.725e-06
6 5  2.764e-06
6 5  1.394e-06
6 4  1.436e-06
6 4  1.338e-06
6 5  1.313e-06
6 5  4.859e-06
6 4  1.222e-06
6 4  2.424e-06
6 5  1.325e-06
6 5  1.64e-06
6 4  2.947e-06
6 4  2.16300000001e-06
6 5  2.66199999999e-06
6 5  2.263e-06
6 5  2.242e-06
6 5  2.146e-06
6 5  2.442e-06
6 5  2.424e-06
6 5  2.287e-06
6 5  2.009e-06
6 5  2.137e-06
6 5  1.19e-06
6 5  2.104e-06
6 5  2.345e-06
6 5  1.25000000001e-06
6 5  2.511e-06
6 5  2.30399999999e-06
6 5  2.36100000001e-06
6 5  2.33400000001e-06
6 5  2.32900000001e-06
6 5  2.24900000001e-06
6 5  2.266e-06
6 6  2.17899999999e-06
6 6  2.419e-06
6 6  2.009e-06
6 6  2.432e-06
6 6  2.24699999998e-06
6 6  2.43200000002e-06
6 6  2.108e-06
6 6  2.59e-06
6 6  2.23100000002e-06
6 6  2.212e-06
6 6  1.998e-06
6 6  2.44599999999e-06
6 6  2.35199999998e-06
6 6  2.24700000001e-06
6 6  2.51300000001e-06
6 6  2.33399999999e-06
6 6  2.23399999999e-06
6 6  2.42399999997e-06
6 6  2.08399999999e-06
6 5  1.39700000001e-06
6 6  1.692e-06
6 5  1.45899999998e-06
6 6  2.001e-06
6 2  3.83400000001e-06
6 2  4.75799999999e-06
6 6  1.54000000002e-06
6 5  2.485e-06
6 6  2.03900000001e-06
6 2  1.39599999999e-06
6 2  1.61700000001e-06
6 6  2.469e-06
6 2  1.29199999999e-06
6 6  2.215e-06
6 6  2.24600000001e-06
6 2  1.33999999999e-06
6 2  1.25999999998e-06
6 6  3.73099999998e-06
6 2  4.10200000001e-06
6 6  1.317e-06
6 6  1.41599999998e-06
6 2  1.35399999998e-06
6 2  2.50499999999e-06
6 6  1.29200000001e-06
6 2  1.34699999998e-06
6 6  2.469e-06
6 6  2.531e-06
6 2  2.34599999999e-06
6 6  1.47199999997e-06
6 2  3.57300000001e-06
6 2  1.39899999999e-06
6 6  1.422e-06
6 2  1.0709e-05
6 6  2.61800000001e-06
6 2  1.33199999999e-06
6 6  3.592e-06
6 2  2.32900000002e-06
6 6  1.25600000001e-06
6 6  1.575e-06
6 2  2.61200000001e-06
6 6  4.541e-06
6 2  1.51399999998e-06
6 2  4.86199999999e-06
6 6  1.60499999999e-06
6 2  4.536e-06
6 6  1.61199999998e-06
6 2  1.65699999999e-06
6 6  2.70599999999e-06
6 6  2.40099999999e-06
6 2  1.34199999999e-06
6 2  1.46300000001e-06
6 6  3.09099999998e-06
6 6  1.44299999999e-06
6 2  3.483e-06
6 6  4.71800000001e-06
6 2  1.66100000001e-06
6 2  4.33899999999e-06
6 6  1.43999999999e-06
6 6  1.525e-06
6 2  2.789e-06
6 2  4.51299999998e-06
6 6  1.372e-06
6 6  1.34400000001e-06
6 2  2.587e-06
6 6  2.18700000001e-06
6 2  1.30700000001e-06
6 2  1.51499999998e-06
6 6  3.003e-06
6 6  4.52100000001e-06
6 2  1.482e-06
6 6  1.54500000002e-06
6 2  2.523e-06
6 2  4.60499999999e-06
6 6  1.56500000001e-06
6 2  2.33100000002e-06
6 6  1.53899999999e-06
6 6  1.44900000001e-06
6 2  3.03900000001e-06
6 2  4.39999999999e-06
6 6  1.577e-06
6 6  2.08700000001e-06
6 2  1.364e-06
6 2  2.77099999998e-06
6 6  1.11699999999e-06
6 6  4.54300000002e-06
6 2  1.43899999999e-06
6 2  4.18000000002e-06
6 6  1.33699999999e-06
6 6  1.527e-06
6 2  2.21700000003e-06
6 2  1.40199999998e-06
6 6  2.24399999998e-06
6 6  5.05499999998e-06
6 2  1.67000000001e-06
6 5  2.55100000002e-06
6 5  2.43500000002e-06
6 4  2.07499999999e-06
6 4  2.22999999999e-06
6 4  2.46799999998e-06
6 1  2.212e-06
6 1  2.43100000002e-06
6 1  2.15599999998e-06
6 1  2.18200000002e-06
6 1  2.28399999996e-06
6 1  2.375e-06
6 1  2.52699999997e-06
6 1  2.432e-06
6 1  2.33199999999e-06
6 1  1.947e-06
6 1  2.28500000005e-06
6 1  2.326e-06
6 1  2.19699999998e-06
6 1  2.36399999998e-06
6 1  2.29899999998e-06
6 1  2.44399999999e-06
6 1  2.14799999998e-06
6 1  1.472e-06
6 6  2.53699999997e-06
6 1  2.24300000001e-06
6 6  2.45999999998e-06
6 6  1.55899999998e-06
6 1  3.14999999995e-06
6 1  4.64900000002e-06
6 6  1.55200000002e-06
6 6  4.45599999999e-06
6 1  1.57699999997e-06
6 6  1.317e-06
6 1  1.35200000001e-06
6 1  1.30700000001e-06
6 6  1.32999999997e-06
6 6  1.81299999996e-06
6 1  3.13599999996e-06
6 6  4.19799999996e-06
6 1  1.34499999999e-06
6 1  4.22600000005e-06
6 6  1.25600000001e-06
6 6  1.45700000004e-06
6 1  2.46399999998e-06
6 1  4.37399999997e-06
6 6  1.44700000004e-06
6 6  4.53299999997e-06
6 1  1.50900000001e-06
6 1  2.30500000004e-06
6 6  2.29700000004e-06
6 6  4.64499999997e-06
6 1  1.36099999998e-06
6 1  4.48800000002e-06
6 6  1.64400000002e-06
6 6  5.02299999999e-06
6 1  1.366e-06
6 6  4.15100000001e-06
6 1  1.43799999996e-06
6 1  2.01999999999e-06
6 6  2.26199999998e-06
6 1  4.41000000001e-06
6 6  1.30800000003e-06
6 1  1.43699999999e-06
6 6  1.30600000003e-06
6 1  4.35700000001e-06
6 6  1.372e-06
6 6  4.40800000001e-06
6 1  1.38699999996e-06
6 6  2.22200000005e-06
6 1  2.08200000001e-06
6 6  2.03500000001e-06
6 1  1.57199999995e-06
6 1  1.44199999996e-06
6 0  5.51700000001e-06
6 6  2.15999999997e-06
6 6  2.50200000002e-06
6 1  1.50000000004e-06
6 0  1.53599999997e-06
6 6  1.62200000003e-06
6 0  2.169e-06
6 1  1.43399999997e-06
6 0  8.35199999999e-06
6 1  1.52999999997e-06
6 6  1.262e-06
6 0  1.59999999999e-06
6 1  2.26600000003e-06
6 6  1.43200000002e-06
6 0  4.72499999998e-06
6 6  1.45200000001e-06
6 1  1.44299999999e-06
6 6  4.76399999999e-06
6 1  1.51199999998e-06
6 0  3.28999999999e-06
6 6  9.496e-06
6 1  1.75299999999e-06
6 0  2.97399999999e-06
6 1  8.78399999998e-06
6 6  4.66600000004e-06
6 0  1.45899999998e-06
6 6  1.0584e-05
6 1  1.796e-06
6 0  2.99100000001e-06
6 6  9.03299999999e-06
6 1  4.94099999998e-06
6 0  1.78000000001e-06
6 6  1.67499999998e-06
6 1  1.48999999999e-06
6 0  1.49999999999e-06
6 6  1.582e-06
6 0  1.54699999999e-06
6 1  2.58400000003e-06
6 0  1.60900000001e-06
6 1  5.32399999997e-06
6 6  1.221e-06
6 1  7.435e-06
6 0  4.85099999997e-06
6 6  1.80300000002e-06
6 0  1.59499999997e-06
6 1  2.48199999997e-06
6 6  1.62500000001e-06
6 6  1.802e-06
6 0  1.633e-06
6 1  1.44599999996e-06
6 6  1.30199999998e-06
6 0  1.79899999997e-06
6 6  8.87399999999e-06
6 0  5.34299999999e-06
6 1  1.90500000002e-06
6 6  1.91199999999e-06
6 0  2.22999999999e-06
6 1  1.63899999994e-06
6 6  1.65100000005e-06
6 1  1.53800000002e-06
6 0  1.55200000007e-06
6 6  1.46000000001e-06
6 0  6.34900000007e-06
6 1  2.44299999996e-06
6 6  5.42300000006e-06
6 0  1.484e-06
6 1  1.44199999996e-06
6 6  1.54699999999e-06
6 1  2.30899999998e-06
6 0  1.94999999992e-06
6 1  1.51599999998e-06
6 0  2.62200000001e-06
6 6  2.49900000004e-06
6 1  4.24300000001e-06
6 0  1.46700000003e-06
6 6  1.50200000004e-06
6 6  4.67599999998e-06
6 1  1.60900000001e-06
6 0  2.12499999996e-06
6 6  1.50099999996e-06
6 1  2.23600000004e-06
6 0  1.67600000001e-06
6 0  4.44099999997e-06
6 6  1.57200000006e-06
6 1  2.41700000003e-06
6 1  1.69900000002e-06
6 6  1.33199999997e-06
6 0  1.47900000003e-06
6 0  1.54100000005e-06
6 6  1.22899999999e-06
6 1  1.50600000004e-06
6 0  1.46400000001e-06
6 6  2.47000000009e-06
6 1  1.43200000002e-06
6 6  1.90999999994e-06
6 0  1.34399999996e-06
6 1  1.49800000004e-06
6 6  5.05299999998e-06
6 1  1.47699999997e-06
6 0  3.59299999997e-06
6 1  5.17500000008e-06
6 6  1.44700000004e-06
6 0  1.43399999997e-06
6 6  1.72400000009e-06
6 0  2.18400000007e-06
6 1  1.25100000004e-06
6 1  4.31600000006e-06
6 6  1.49400000005e-06
6 6  2.23900000007e-06
6 1  2.68399999992e-06
6 1  2.35300000007e-06
6 6  2.21499999997e-06
6 6  4.26400000009e-06
6 1  1.23499999993e-06
6 6  1.0518e-05
6 1  1.53400000003e-06
6 6  4.10400000006e-06
6 1  1.34799999996e-06
6 1  5.33999999996e-06
6 6  2.49699999999e-06
6 6  1.26700000003e-06
6 1  1.586e-06
6 6  2.16200000003e-06
6 1  2.4030000001e-06
6 6  4.16600000008e-06
6 1  1.40700000006e-06
6 6  1.56699999998e-06
6 1  2.39599999996e-06
6 1  4.38799999991e-06
6 6  1.39399999999e-06
6 1  3.95600000003e-06
6 6  1.35800000001e-06
6 6  4.16800000003e-06
6 1  1.25699999998e-06
6 6  2.02300000007e-06
6 6  2.42899999991e-06
6 6  2.72199999996e-06
6 6  2.31299999998e-06
6 6  2.62700000009e-06
6 6  2.31500000003e-06
6 6  2.38899999994e-06
6 6  2.14900000006e-06
6 6  2.36399999998e-06
6 6  2.27500000005e-06
6 6  2.44400000005e-06
6 6  2.47399999997e-06
6 6  2.28199999996e-06
6 6  2.316e-06
6 6  2.68199999998e-06
6 6  2.24199999999e-06
6 6  2.46000000004e-06
6 6  2.32700000002e-06
6 2  2.09699999998e-06
6 2  2.30000000001e-06
6 2  2.29600000001e-06
6 2  2.18099999993e-06
6 2  2.65999999993e-06
6 2  2.56900000006e-06
6 2  2.18899999993e-06
6 2  2.49299999999e-06
6 2  2.54600000005e-06
6 2  2.44999999999e-06
6 2  2.53699999997e-06
6 2  2.21099999997e-06
6 2  1.28700000002e-06
6 7  2.799e-06
6 2  4.32699999997e-06
6 7  1.42300000006e-06
6 2  1.33200000008e-06
6 7  2.67300000001e-06
6 2  4.16599999997e-06
6 7  1.44899999999e-06
6 2  4.60099999999e-06
6 7  1.37700000002e-06
6 7  4.33099999997e-06
6 2  1.32899999994e-06
6 7  4.68300000001e-06
6 2  1.37700000002e-06
6 7  4.09499999998e-06
6 2  1.362e-06
6 2  4.32399999994e-06
6 7  1.44000000002e-06
6 2  5.57600000006e-06
6 7  2.05199999992e-06
6 7  4.08400000007e-06
6 2  1.32899999994e-06
6 7  2.41999999995e-06
6 2  1.40400000004e-06
6 2  1.57099999998e-06
6 7  2.62399999995e-06
6 2  4.377e-06
6 7  1.51299999995e-06
6 2  1.429e-06
6 7  2.61899999998e-06
6 7  4.50299999999e-06
6 2  1.78900000003e-06
6 7  4.25700000006e-06
6 2  1.49999999999e-06
6 2  2.49900000004e-06
6 7  2.40200000001e-06
6 7  9.19599999993e-06
6 2  2.48700000005e-06
6 2  1.39500000007e-06
6 7  2.56200000004e-06
6 7  4.34900000001e-06
6 2  1.52900000006e-06
6 2  4.39699999999e-06
6 7  1.55000000002e-06
6 7  6.15199999998e-06
6 2  2.76900000007e-06
6 7  4.62300000004e-06
6 2  1.40199999998e-06
6 2  1.48600000005e-06
6 7  2.62600000001e-06
6 7  2.42399999995e-06
6 2  1.48200000005e-06
6 7  1.55499999999e-06
6 2  3.45899999998e-06
6 2  5.46099999998e-06
6 7  1.72700000001e-06
6 7  4.61399999996e-06
6 2  1.58500000003e-06
6 2  4.49400000002e-06
6 7  1.56699999998e-06
6 7  4.26100000006e-06
6 2  1.48700000002e-06
6 2  5.72099999996e-06
6 7  1.76199999991e-06
6 7  4.88999999992e-06
6 2  1.54500000005e-06
6 7  4.61000000007e-06
6 2  1.82199999998e-06
6 7  1.50599999993e-06
6 2  2.78399999998e-06
6 2  5.46299999993e-06
6 7  2.51400000006e-06
6 2  1.54399999996e-06
6 7  2.49600000002e-06
6 2  2.47499999995e-06
6 7  2.13699999996e-06
6 7  1.58000000006e-06
6 2  1.68999999994e-06
6 7  2.57800000003e-06
6 7  4.49599999996e-06
6 2  1.43100000005e-06
6 7  1.46200000006e-06
6 2  3.00900000005e-06
6 7  4.39200000002e-06
6 2  1.44800000001e-06
6 2  1.52199999992e-06
6 7  2.41899999998e-06
6 2  2.37800000003e-06
6 7  1.48899999997e-06
6 7  1.34549999999e-05
6 2  2.42900000003e-06
6 2  1.40100000001e-06
6 7  2.54200000005e-06
6 2  4.907e-06
6 7  1.32900000005e-06
6 2  5.79299999992e-06
6 7  2.84000000006e-06
6 2  1.03880000001e-05
6 3  1.60100000002e-06
6 7  2.81699999993e-06
6 2  4.70800000008e-06
6 7  1.70399999999e-06
6 3  1.54600000002e-06
6 3  1.44899999999e-06
6 7  1.16900000002e-06
6 2  1.53700000005e-06
6 2  4.17600000002e-06
6 7  1.46499999998e-06
6 3  1.5550000001e-06
6 7  1.60100000002e-06
6 2  1.50799999998e-06
6 3  3.39999999999e-06
6 7  9.16200000001e-06
6 2  1.50200000004e-06
6 3  2.63199999995e-06
6 2  1.59e-06
6 3  1.26200000006e-06
6 7  1.55199999996e-06
6 1  1.70099999997e-06
6 7  1.362e-06
6 3  1.26e-06
6 2  1.95299999994e-06
6 1  1.65200000002e-06
6 7  1.75699999994e-06
6 3  2.12100000008e-06
6 2  1.55400000001e-06
6 2  1.71199999999e-06
6 3  5.83399999998e-06
6 1  2.59699999994e-06
6 7  1.80500000002e-06
6 3  1.9200000001e-06
6 7  1.49199999999e-06
6 2  2.55099999991e-06
6 1  1.75199999997e-06
6 3  1.75999999996e-06
6 1  1.74100000006e-06
6 7  1.205e-06
6 2  1.75099999999e-06
6 3  4.90499999994e-06
6 7  1.56699999998e-06
6 1  2.218e-06
6 7  4.62600000006e-06
6 3  1.46899999998e-06
6 1  2.43900000008e-06
6 3  4.68300000001e-06
6 1  1.51199999998e-06
6 7  4.18499999999e-06
6 1  4.856e-06
6 3  1.853e-06
6 7  1.47399999995e-06
6 7  1.84699999994e-06
6 3  2.93399999995e-06
6 1  1.53000000003e-06
6 3  5.68000000001e-06
6 7  2.52999999995e-06
6 1  2.21999999994e-06
6 7  1.79099999997e-06
6 1  5.65499999994e-06
6 3  2.54700000002e-06
6 3  4.428e-06
6 1  1.52899999994e-06
6 7  1.45700000009e-06
6 3  1.35199999995e-06
6 7  3.39900000002e-06
6 3  4.92299999999e-06
6 7  1.42800000003e-06
6 3  6.25700000001e-06
6 7  1.56700000009e-06
6 3  2.85600000005e-06
6 7  2.75100000002e-06
6 3  4.79500000006e-06
6 7  1.61700000001e-06
6 3  1.40699999995e-06
6 7  1.32200000003e-06
6 3  1.58299999997e-06
6 7  1.20800000003e-06
6 7  1.39200000004e-06
6 3  3.60799999999e-06
6 7  1.51300000006e-06
6 3  2.47999999992e-06
6 3  4.263e-06
6 7  1.35400000001e-06
6 3  1.29699999996e-06
6 7  2.76900000007e-06
6 3  4.18800000002e-06
6 7  1.40699999995e-06
6 7  4.29899999999e-06
6 3  1.37199999994e-06
6 7  4.22999999994e-06
6 3  1.40599999998e-06
6 3  4.36800000003e-06
6 7  1.55499999999e-06
6 7  4.07099999999e-06
6 3  1.37199999994e-06
6 3  8.04199999993e-06
6 5  5.107e-06
6 7  1.578e-06
6 3  1.48700000002e-06
6 7  2.43900000008e-06
6 5  1.68099999998e-06
6 5  1.61099999996e-06
6 7  2.83900000009e-06
6 3  1.39199999993e-06
6 5  1.00629999999e-05
6 3  1.51599999998e-06
6 7  1.20699999995e-06
6 3  5.02800000002e-06
6 5  1.61700000001e-06
6 7  2.24800000004e-06
6 7  4.38400000002e-06
6 3  1.39199999993e-06
6 5  1.57899999997e-06
6 5  1.959e-06
6 3  5.068e-06
6 7  1.62400000003e-06
6 7  1.27699999997e-06
6 5  2.43700000002e-06
6 3  1.472e-06
6 3  5.37699999992e-06
6 7  1.75699999994e-06
6 5  3.89000000001e-06
6 3  4.28400000008e-06
6 5  1.42400000003e-06
6 7  2.371e-06
6 3  4.20099999998e-06
6 5  1.33499999999e-06
6 7  1.57699999992e-06
6 7  9.75400000003e-06
6 3  1.54600000002e-06
6 5  2.524e-06
6 7  8.91000000003e-06
6 5  2.06400000002e-06
6 3  1.18699999996e-06
6 7  4.15600000003e-06
6 3  1.37899999997e-06
6 5  1.74399999997e-06
6 7  1.57900000008e-06
6 5  1.47500000003e-06
6 3  1.12499999994e-06
6 7  7.68099999993e-06
6 3  4.60000000002e-06
6 5  1.53699999994e-06
6 7  4.78599999998e-06
6 5  1.63499999994e-06
6 3  2.66299999996e-06
6 5  1.74799999997e-06
6 3  2.50400000001e-06
6 7  2.44799999993e-06
6 5  1.1081e-05
6 7  2.375e-06
6 5  1.40400000004e-06
6 7  3.51899999995e-06
6 7  1.264e-06
6 5  2.51900000003e-06
6 5  2.91499999994e-06
6 5  3.96600000008e-06
6 7  1.2800000001e-06
6 5  1.484e-06
6 7  2.053e-06
6 7  5.41799999998e-06
6 5  1.42699999994e-06
6 5  4.16400000003e-06
6 7  1.30899999995e-06
6 5  4.05400000003e-06
6 7  1.34499999993e-06
6 7  1.51100000001e-06
6 5  1.54099999994e-06
6 5  1.51900000001e-06
6 7  3.73899999995e-06
6 7  1.46199999995e-06
6 5  2.26599999997e-06
6 7  2.47399999997e-06
6 5  1.29500000001e-06
6 5  1.35600000006e-06
6 7  3.97600000002e-06
6 5  6.96700000002e-06
6 3  4.42300000003e-06
6 7  1.49199999999e-06
6 5  1.72300000001e-06
6 7  4.49200000008e-06
6 3  1.40200000009e-06
6 3  1.81199999993e-06
6 7  2.41499999998e-06
6 5  1.48700000002e-06
6 3  1.49399999994e-06
6 5  1.28300000002e-06
6 7  3.631e-06
6 7  4.80000000003e-06
6 3  1.735e-06
6 5  1.48499999997e-06
6 7  9.28700000002e-06
6 3  1.48700000002e-06
6 5  3.01700000005e-06
6 5  1.27900000002e-06
6 3  1.49400000005e-06
6 7  2.646e-06
6 3  1.23200000002e-06
6 5  1.49999999999e-06
6 7  1.49800000004e-06
6 7  4.58700000006e-06
6 5  1.59700000002e-06
6 3  2.17000000002e-06
6 3  1.56899999992e-06
6 5  2.68199999998e-06
6 7  1.62199999998e-06
6 3  1.1266e-05
6 5  1.44400000002e-06
6 7  2.7749999999e-06
6 5  1.56800000006e-06
6 3  5.81099999997e-06
6 7  2.71000000007e-06
6 7  1.60100000002e-06
6 5  2.88500000001e-06
6 3  1.49400000005e-06
6 3  4.71099999999e-06
6 7  1.40199999998e-06
6 5  1.51700000006e-06
6 5  8.75599999994e-06
6 7  1.66099999999e-06
6 3  2.524e-06
6 5  1.09140000001e-05
6 7  1.76199999991e-06
6 3  2.77599999998e-06
6 5  1.45900000004e-06
6 3  2.39899999999e-06
6 7  1.48699999991e-06
6 7  5.115e-06
6 5  1.49800000004e-06
6 3  4.07200000008e-06
6 5  1.60699999996e-06
6 7  2.61099999999e-06
6 3  2.79199999997e-06
6 5  1.578e-06
6 3  6.073e-06
6 7  1.75200000008e-06
6 5  4.66200000004e-06
6 3  1.53899999999e-06
6 7  2.30499999998e-06
6 3  4.80899999999e-06
6 5  1.65000000008e-06
6 7  1.37699999991e-06
6 7  1.67600000001e-06
6 3  5.44999999996e-06
6 5  2.83199999995e-06
6 5  1.67900000003e-06
6 3  5.14900000004e-06
6 7  1.80400000005e-06
6 6  1.53999999997e-06
6 6  1.40120000001e-05
6 7  1.0439e-05
6 5  5.11300000006e-06
6 3  1.68700000003e-06
6 6  1.98600000001e-06
6 3  2.15599999998e-06
6 7  6.00000000006e-06
6 5  1.56200000001e-06
6 3  1.2046e-05
6 7  8.87100000002e-06
6 5  5.66299999993e-06
6 6  1.94600000003e-06
6 5  1.18600000001e-05
6 3  8.49000000003e-06
6 6  5.15099999998e-06
6 7  1.74899999994e-06
6 5  8.48400000009e-06
6 6  1.68299999992e-06
6 7  1.47900000003e-06
6 3  1.86099999999e-06
6 6  1.59799999999e-06
6 3  1.37500000008e-06
6 5  1.68e-06
6 7  1.77199999996e-06
6 3  8.65500000002e-06
6 5  5.19300000001e-06
6 6  1.81899999996e-06
6 7  2.681e-06
6 5  1.2338e-05
6 7  1.61900000006e-06
6 3  5.25299999998e-06
6 6  1.72700000001e-06
6 5  1.77099999998e-06
6 7  1.315e-06
6 6  5.13499999999e-06
6 3  1.83600000003e-06
6 7  6.387e-06
6 6  1.85900000005e-06
6 3  2.69399999997e-06
6 5  1.81200000005e-06
6 3  1.66000000001e-06
6 6  1.39799999999e-06
6 5  1.72800000009e-06
6 7  1.84599999997e-06
6 6  1.96100000005e-06
6 3  1.75499999999e-06
6 7  5.85800000008e-06
6 5  2.56099999996e-06
6 5  1.16020000001e-05
6 3  8.79399999998e-06
6 7  5.54500000005e-06
6 6  1.96900000005e-06
6 7  1.65299999999e-06
6 5  4.78699999995e-06
6 3  1.50499999996e-06
6 6  2.21899999997e-06
6 5  1.77000000001e-06
6 7  6.31600000001e-06
6 3  1.70799999999e-06
6 6  2.14099999996e-06
6 5  5.21500000006e-06
6 7  1.81599999993e-06
6 6  6.73500000004e-06
6 3  1.53700000005e-06
6 7  1.2208e-05
6 5  7.80300000003e-06
6 3  1.57900000008e-06
6 6  1.35999999995e-06
6 3  2.98600000004e-06
6 6  4.83299999998e-06
6 7  2.07499999993e-06
6 6  4.47299999995e-06
6 7  1.47699999997e-06
6 6  1.53200000008e-06
6 7  2.55999999998e-06
6 7  4.161e-06
6 6  1.33600000007e-06
6 6  1.34200000002e-06
6 7  2.646e-06
6 6  4.6159999999e-06
6 7  1.42999999997e-06
6 6  4.08699999999e-06
6 7  1.36699999997e-06
6 7  5.60999999999e-06
6 6  2.36900000006e-06
6 7  1.80500000002e-06
6 6  1.43699999999e-06
6 7  4.173e-06
6 6  1.38799999994e-06
6 7  1.25100000004e-06
6 7  2.39099999999e-06
6 7  2.51699999998e-06
6 7  2.52099999998e-06
6 7  2.43e-06
6 7  2.38600000002e-06
6 7  2.30099999998e-06
6 7  2.426e-06
6 7  2.39800000001e-06
6 7  2.16200000003e-06
6 7  2.47400000009e-06
6 7  2.59700000005e-06
6 7  1.66199999996e-06
6 3  2.19699999993e-06
6 3  2.35100000001e-06
6 7  1.33199999997e-06
6 7  1.22000000002e-06
6 3  2.579e-06
6 7  5.47200000001e-06
6 3  1.34799999996e-06
6 7  5.58000000006e-06
6 3  2.51699999998e-06
6 3  2.28599999996e-06
6 3  2.73100000003e-06
6 3  2.47200000003e-06
6 3  3.50299999996e-06
6 3  2.57199999998e-06
6 3  2.15000000003e-06
6 3  2.4500000001e-06
6 3  2.28800000002e-06
6 3  2.20699999998e-06
6 3  2.18000000007e-06
6 3  2.06599999997e-06
6 3  2.33400000005e-06
6 3  2.16200000003e-06
6 3  1.93999999998e-06
6 3  2.24800000004e-06
6 3  2.19400000001e-06
6 3  2.42300000008e-06
6 3  2.14900000006e-06
6 3  2.14400000009e-06
6 3  2.24199999999e-06
6 3  2.006e-06
6 3  2.20700000009e-06
6 3  2.08000000002e-06
6 3  2.04399999992e-06
6 3  1.99700000003e-06
6 3  2.45999999993e-06
6 3  4.43299999997e-06
6 2  1.56899999992e-06
6 3  1.64899999999e-06
6 2  2.0850000001e-06
6 3  4.82400000001e-06
6 2  1.81399999999e-06
6 3  1.42400000003e-06
6 2  2.07399999996e-06
6 2  4.12999999999e-06
6 3  1.378e-06
6 2  5.21999999992e-06
6 3  2.28299999994e-06
6 2  2.32300000003e-06
6 3  1.41200000003e-06
6 3  1.31800000003e-06
6 2  3.73299999989e-06
6 2  2.32899999997e-06
6 3  2.16500000005e-06
6 3  2.32599999994e-06
6 3  2.17400000002e-06
6 3  2.44699999996e-06
6 2  2.68399999992e-06
6 2  2.22900000002e-06
6 2  2.473e-06
6 2  2.38200000002e-06
6 2  2.16200000003e-06
6 2  2.469e-06
6 2  2.27900000005e-06
6 2  2.689e-06
6 2  2.53400000005e-06
6 2  2.40200000001e-06
6 2  2.4489999999e-06
6 2  2.20000000006e-06
6 2  2.51200000001e-06
6 2  2.59999999996e-06
6 2  2.81400000002e-06
6 2  2.44100000002e-06
6 2  2.36599999992e-06
6 2  2.60099999994e-06
6 2  2.324e-06
6 2  2.41000000001e-06
6 2  2.58500000005e-06
6 2  2.434e-06
6 2  2.5589999999e-06
6 2  2.36300000001e-06
6 2  2.35400000004e-06
6 2  2.46699999995e-06
6 2  2.58400000008e-06
6 2  3.01800000002e-06
6 2  1.06599999994e-06
6 2  2.31399999995e-06
6 2  2.61199999996e-06
6 2  2.46699999995e-06
6 2  2.579e-06
6 2  2.65899999996e-06
6 2  2.34499999996e-06
6 2  2.45600000004e-06
6 2  2.48899999999e-06
6 2  2.48199999997e-06
6 2  4.30399999996e-06
6 5  1.34399999996e-06
6 2  5.07999999999e-06
6 5  1.51599999998e-06
6 2  4.21100000003e-06
6 5  1.37899999997e-06
6 2  4.25799999992e-06
6 5  1.43900000005e-06
6 2  1.71699999996e-06
6 5  2.55500000002e-06
6 5  4.65500000002e-06
6 2  1.93500000001e-06
6 5  4.32799999994e-06
6 2  1.56699999998e-06
6 2  4.59899999994e-06
6 5  1.74399999997e-06
6 2  4.36500000001e-06
6 5  1.40699999995e-06
6 2  4.80999999997e-06
6 5  1.28599999993e-06
6 2  2.54999999993e-06
6 2  2.50999999996e-06
6 2  2.30700000003e-06
6 2  3.63700000006e-06
6 2  2.47000000009e-06
6 2  2.39400000002e-06
6 2  2.37700000005e-06
6 2  2.7119999999e-06
6 2  2.39400000002e-06
6 2  2.58799999997e-06
6 2  2.62399999995e-06
6 2  2.44500000002e-06
6 2  2.58900000005e-06
6 2  2.477e-06
6 2  2.265e-06
6 2  2.38699999999e-06
6 2  2.58600000003e-06
6 2  2.52899999997e-06
6 0  2.12100000008e-06
6 0  2.23099999996e-06
6 0  2.39499999999e-06
6 0  2.25099999995e-06
6 0  2.23699999991e-06
6 0  2.214e-06
6 0  2.40600000001e-06
6 0  2.46400000004e-06
6 1  2.07899999993e-06
6 1  4.61800000007e-06
6 3  1.52400000009e-06
6 1  1.27500000002e-06
6 3  1.31400000003e-06
6 3  1.47100000003e-06
6 1  2.38999999991e-06
6 3  1.97800000001e-06
6 1  1.51699999995e-06
6 3  5.29699999996e-06
6 1  1.40999999998e-06
6 3  1.362e-06
6 1  2.70000000002e-06
6 3  2.05499999995e-06
6 3  1.841e-06
6 3  2.30300000004e-06
6 3  2.16200000003e-06
6 3  2.28200000008e-06
6 3  2.09500000004e-06
6 3  2.3870000001e-06
6 3  2.21299999992e-06
6 3  2.08800000001e-06
6 3  2.38900000005e-06
6 5  2.04100000012e-06
6 5  2.18399999996e-06
6 5  2.24700000007e-06
6 5  2.65700000002e-06
6 5  2.53100000003e-06
6 5  2.22999999999e-06
6 7  2.19999999995e-06
6 7  2.60400000007e-06
6 7  2.39400000002e-06
6 7  1.31899999989e-06
6 6  1.36000000017e-06
6 6  4.31900000009e-06
6 7  1.41599999992e-06
6 6  1.46900000009e-06
6 7  1.37499999986e-06
6 6  4.79600000003e-06
6 7  1.5040000001e-06
6 7  2.38600000002e-06
6 6  1.32799999997e-06
6 6  1.47399999983e-06
6 7  3.30900000001e-06
6 6  5.03500000004e-06
6 7  1.36999999989e-06
6 6  2.48100000011e-06
6 7  1.24300000004e-06
6 7  1.1062e-05
6 2  5.22000000003e-06
6 6  1.4989999999e-06
6 7  4.57999999992e-06
6 6  1.53700000016e-06
6 2  1.48200000005e-06
6 6  1.39700000013e-06
6 7  1.66999999984e-06
6 2  1.43199999991e-06
6 7  1.56699999998e-06
6 6  2.71100000004e-06
6 2  2.45100000007e-06
6 6  8.49700000005e-06
6 2  4.36800000014e-06
6 7  1.37800000011e-06
6 6  4.57499999995e-06
6 7  1.66000000013e-06
6 2  1.44700000004e-06
6 6  1.45699999998e-06
6 2  2.60100000005e-06
6 4  1.81200000005e-06
6 2  4.18099999999e-06
6 6  1.425e-06
6 4  1.43899999983e-06
6 4  1.72300000001e-06
6 6  2.52400000011e-06
6 2  1.71700000018e-06
6 4  4.54599999999e-06
6 2  1.54999999991e-06
6 6  1.49399999994e-06
6 6  1.65100000005e-06
6 4  2.63900000008e-06
6 2  2.62300000009e-06
6 2  4.76799999993e-06
6 6  1.61700000012e-06
6 4  2.11599999989e-06
6 4  1.59700000002e-06
6 2  2.73600000011e-06
6 6  1.60399999993e-06
6 2  4.67599999987e-06
6 6  1.52000000009e-06
6 4  2.38100000005e-06
6 4  0.000797488
6 2  8.95699999992e-06
6 6  4.71400000013e-06
6 4  1.70700000002e-06
6 4  4.85800000005e-06
6 2  1.56299999987e-06
6 6  2.061e-06
6 4  9.59899999997e-06
6 2  4.76100000002e-06
6 6  1.75199999997e-06
6 4  1.61999999992e-06
6 6  2.44299999985e-06
6 2  1.47900000003e-06
6 2  4.48899999994e-06
6 6  1.48899999997e-06
6 4  1.484e-06
6 4  7.84799999987e-06
6 6  4.62700000003e-06
6 2  1.43099999983e-06
6 6  1.68e-06
6 4  2.88399999993e-06
6 2  1.62299999995e-06
6 4  4.5689999999e-06
6 6  1.50300000001e-06
6 2  1.6490000001e-06
6 4  7.64499999995e-06
6 6  4.60400000013e-06
6 2  1.52200000003e-06
6 6  4.58599999997e-06
6 4  1.54200000013e-06
6 2  1.53699999994e-06
6 6  1.31900000011e-06
6 4  1.74200000003e-06
6 2  1.81299999991e-06
6 4  1.28199999994e-06
6 6  1.44099999999e-06
6 2  2.67900000006e-06
6 2  7.30999999998e-06
6 6  1.58500000014e-06
6 4  1.28699999991e-06
6 2  1.55899999998e-06
6 4  2.76399999999e-06
6 6  1.52599999992e-06
6 4  1.82999999998e-06
6 6  2.41099999987e-06
6 2  1.49500000002e-06
6 6  1.51700000006e-06
6 2  1.5069999999e-06
6 4  3.77299999998e-06
6 2  1.7189999999e-06
6 4  5.40299999985e-06
6 6  1.32400000008e-06
6 4  4.70500000005e-06
6 6  1.50700000012e-06
6 2  2.27800000019e-06
6 2  1.68899999986e-06
6 6  1.43199999991e-06
6 4  1.36999999989e-06
6 2  1.72900000006e-06
6 6  6.66500000013e-06
6 4  1.53399999991e-06
6 4  1.476e-06
6 6  2.50200000007e-06
6 2  1.71199999999e-06
6 4  1.8089999998e-06
6 2  7.227e-06
6 6  3.6499999998e-06
6 6  1.54899999982e-06
6 2  1.59999999982e-06
6 4  1.55299999993e-06
6 6  1.59999999982e-06
6 2  2.28099999999e-06
6 4  2.47399999997e-06
6 6  5.27100000003e-06
6 2  1.53699999994e-06
6 4  2.38299999999e-06
6 2  1.62100000001e-06
6 4  6.67200000004e-06
6 6  2.68299999995e-06
6 2  5.08100000007e-06
6 4  1.5069999999e-06
6 6  1.5069999999e-06
6 6  8.92400000008e-06
6 2  4.844e-06
6 4  1.76499999993e-06
6 4  8.77600000004e-06
6 2  1.49900000013e-06
6 6  2.67100000007e-06
6 6  4.64499999997e-06
6 4  1.55700000004e-06
6 2  1.19599999993e-06
6 2  4.66700000001e-06
6 4  1.54199999991e-06
6 6  1.45400000018e-06
6 2  1.38000000005e-06
6 6  1.4960000001e-06
6 4  1.1820000001e-06
6 6  1.03709999999e-05
6 2  1.81300000013e-06
6 4  2.83799999989e-06
6 6  1.59500000008e-06
6 2  2.9039999998e-06
6 4  1.27399999994e-06
6 6  1.49999999999e-06
6 4  1.51200000009e-06
6 2  3.71300000013e-06
6 4  1.57400000012e-06
6 6  2.44999999999e-06
6 2  1.53400000014e-06
6 4  1.37299999992e-06
6 6  2.17199999986e-06
6 6  4.19099999993e-06
6 4  1.46400000012e-06
6 6  4.14599999998e-06
6 4  1.36500000014e-06
6 6  4.18899999999e-06
6 4  1.36199999989e-06
6 6  2.21500000008e-06
6 6  2.34899999985e-06
6 6  2.42100000003e-06
6 6  2.33500000002e-06
6 6  2.47200000003e-06
6 6  2.17000000013e-06
6 6  2.56100000007e-06
6 6  2.27500000016e-06
6 6  2.12199999994e-06
6 6  2.31999999989e-06
6 6  2.09400000006e-06
6 3  2.01700000013e-06
6 3  1.95400000003e-06
6 3  2.27999999991e-06
6 3  1.5069999999e-06
6 3  2.05700000011e-06
6 3  2.26999999997e-06
6 3  2.08199999996e-06
6 3  2.112e-06
6 3  2.29500000004e-06
6 3  2.05699999989e-06
6 3  2.11099999992e-06
6 3  2.08900000009e-06
6 3  2.20700000009e-06
6 3  2.26399999992e-06
6 3  2.33199999999e-06
6 3  2.11899999991e-06
6 3  2.10500000009e-06
6 3  2.26900000011e-06
6 3  2.63700000014e-06
6 3  1.98900000004e-06
6 3  1.91700000007e-06
6 3  2.07699999999e-06
6 3  2.07899999993e-06
6 3  1.27100000014e-06
6 3  2.65199999983e-06
6 3  2.30199999995e-06
6 3  2.22900000013e-06
6 3  2.54200000005e-06
6 3  2.54399999999e-06
6 3  1.9899999999e-06
6 3  2.26800000003e-06
6 3  2.12699999991e-06
6 3  2.51099999993e-06
6 3  2.29699999998e-06
6 3  1.26899999997e-06
6 3  2.13400000004e-06
6 3  1.23000000007e-06
6 3  2.214e-06
6 3  2.16900000005e-06
6 3  1.97199999996e-06
6 3  2.11100000014e-06
6 3  2.002e-06
6 3  2.53299999997e-06
6 3  2.47200000003e-06
6 3  2.29200000001e-06
6 3  2.15400000014e-06
6 3  2.14599999993e-06
6 3  2.15600000009e-06
6 2  1.3430000001e-06
6 3  1.39800000021e-06
6 3  1.20399999992e-06
6 2  3.57699999998e-06
6 3  4.32900000003e-06
6 2  1.37799999989e-06
6 3  4.114e-06
6 2  1.28200000016e-06
6 3  1.24400000012e-06
6 2  2.24100000001e-06
6 2  5.27499999992e-06
6 3  1.637e-06
6 3  5.15499999998e-06
6 2  2.57100000001e-06
6 3  4.49800000002e-06
6 2  1.26099999997e-06
6 3  1.55999999985e-06
6 2  2.104e-06
6 2  4.385e-06
6 3  1.42399999992e-06
6 2  2.82200000012e-06
6 3  3.64099999994e-06
6 3  4.20600000006e-06
6 2  1.4639999999e-06
6 3  2.21599999994e-06
6 2  1.57700000014e-06
6 3  1.46000000001e-06
6 2  2.7119999999e-06
6 3  4.36599999998e-06
6 2  1.46199999995e-06
6 2  2.42399999983e-06
6 3  3.33899999982e-06
6 2  1.77400000001e-06
6 3  2.40799999984e-06
6 3  4.31499999998e-06
6 2  1.64000000002e-06
6 2  1.56400000018e-06
6 3  5.62000000004e-06
6 5  1.57099999987e-06
6 3  4.20799999978e-06
6 5  1.3259999998e-06
6 2  1.42100000011e-06
6 5  1.70399999999e-06
6 3  1.48999999983e-06
6 2  2.434e-06
6 2  1.90199999994e-06
6 3  2.56099999985e-06
6 5  1.49800000004e-06
6 2  1.53099999989e-06
6 3  2.44000000005e-06
6 5  1.44700000004e-06
6 5  7.4189999999e-06
6 3  4.61499999993e-06
6 2  1.48299999991e-06
6 5  1.27399999994e-06
6 2  2.33400000016e-06
6 2  4.79200000014e-06
6 3  1.6650000001e-06
6 5  1.36100000003e-06
6 5  4.61600000001e-06
6 3  1.53599999986e-06
6 2  1.25499999992e-06
6 2  5.41499999995e-06
6 3  1.62700000006e-06
6 5  2.57299999995e-06
6 3  1.34500000004e-06
6 2  1.66699999982e-06
6 5  2.50599999996e-06
6 3  1.56100000015e-06
6 2  2.73500000003e-06
6 5  2.31900000003e-06
6 2  1.7269999999e-06
6 5  2.31700000008e-06
6 3  1.53900000011e-06
6 3  1.0136e-05
6 2  5.49199999988e-06
6 5  1.76699999987e-06
6 3  7.44200000002e-06
6 5  4.79999999992e-06
6 2  1.50999999993e-06
6 2  4.49800000002e-06
6 3  1.535e-06
6 5  2.375e-06
6 3  7.73000000009e-06
6 5  4.78000000004e-06
6 2  1.63200000003e-06
6 3  1.49099999991e-06
6 5  5.43300000011e-06
6 2  1.56899999992e-06
6 5  1.80599999999e-06
6 3  6.63799999989e-06
6 2  1.60000000005e-06
6 2  1.51299999995e-06
6 5  2.51200000001e-06
6 3  1.54799999996e-06
6 2  1.50999999993e-06
6 3  5.25699999998e-06
6 5  1.81100000018e-06
6 2  1.93900000012e-06
6 3  1.747e-06
6 5  2.46700000006e-06
6 2  1.49199999999e-06
6 5  2.53200000011e-06
6 3  1.476e-06
6 2  5.03200000002e-06
6 3  1.47500000014e-06
6 5  2.52999999995e-06
6 5  1.02599999998e-05
6 3  1.46999999995e-06
6 2  2.57399999981e-06
6 3  1.71199999999e-06
6 5  1.37499999986e-06
6 0  1.65600000002e-06
6 2  1.95700000005e-06
6 0  1.74899999994e-06
6 2  1.34799999985e-06
6 5  1.31300000006e-06
6 3  1.67500000003e-06
6 5  1.74800000008e-06
6 3  1.45200000001e-06
6 0  1.49999999999e-06
6 2  2.04500000001e-06
6 0  5.30999999993e-06
6 5  2.00399999994e-06
6 2  1.35699999992e-06
6 3  1.77599999995e-06
6 5  2.01199999994e-06
6 3  9.08300000013e-06
6 0  4.91400000002e-06
6 2  1.8289999999e-06
6 3  1.0877e-05
6 5  1.68700000014e-06
6 0  2.38299999999e-06
6 2  1.75399999991e-06
6 5  1.49399999994e-06
6 2  5.28200000005e-06
6 3  1.39100000007e-06
6 0  1.90099999986e-06
6 0  1.44899999999e-06
6 3  9.18900000002e-06
6 2  5.38799999994e-06
6 5  2.14200000004e-06
6 0  8.97099999997e-06
6 3  5.81600000005e-06
6 5  1.71500000001e-06
6 2  1.72200000015e-06
6 0  1.68699999992e-06
6 5  1.57599999984e-06
6 2  1.70700000002e-06
6 3  2.76500000007e-06
6 0  8.65000000005e-06
6 3  1.87400000007e-06
6 5  1.6089999999e-06
6 2  3.66600000001e-06
6 3  1.29789999999e-05
6 5  1.71800000004e-06
6 0  4.87800000015e-06
6 2  1.83400000009e-06
6 3  1.40180000001e-05
6 5  2.02499999991e-06
6 2  1.36400000006e-06
6 0  2.65900000018e-06
6 0  2.11399999994e-06
6 2  4.88700000001e-06
6 5  1.6650000001e-06
6 3  1.60399999993e-06
6 2  8.90200000003e-06
6 0  5.52600000003e-06
6 5  2.12900000007e-06
6 3  2.11899999991e-06
6 2  8.63900000003e-06
6 3  5.11300000006e-06
6 5  1.75300000005e-06
6 0  1.71700000018e-06
6 0  2.02400000004e-06
6 2  1.5069999999e-06
6 3  3.03400000012e-06
6 5  1.33400000002e-06
6 3  1.71000000004e-06
6 2  1.39399999988e-06
6 5  1.56499999981e-06
6 0  1.49500000002e-06
6 3  1.73000000014e-06
6 0  1.4989999999e-06
6 5  2.67700000012e-06
6 2  3.16899999997e-06
6 5  4.44300000013e-06
6 0  1.49500000002e-06
6 2  1.38699999996e-06
6 3  1.78200000001e-06
6 3  2.07800000007e-06
6 5  9.72499999996e-06
6 0  6.81799999991e-06
6 2  3.156e-06
6 3  8.41200000012e-06
6 0  1.64699999994e-06
6 2  1.535e-06
6 5  1.70899999996e-06
6 0  2.05400000008e-06
6 2  1.62999999986e-06
6 3  1.7360000002e-06
6 5  1.71199999999e-06
6 5  1.71100000013e-06
6 2  1.78399999995e-06
6 3  1.53399999991e-06
6 0  1.80900000002e-06
6 2  1.90899999986e-06
6 5  1.1362e-05
6 3  2.69300000011e-06
6 0  2.64400000005e-06
6 5  1.70799999988e-06
6 2  1.41000000009e-06
6 3  1.89099999992e-06
6 0  1.75600000007e-06
6 0  9.26899999998e-06
6 3  5.123e-06
6 5  1.80500000013e-06
6 2  1.83199999992e-06
6 3  2.04000000004e-06
6 2  1.33000000013e-06
6 0  1.14299999998e-06
6 5  1.75499999999e-06
6 2  1.54239999999e-05
6 5  9.74800000009e-06
6 3  4.7529999998e-06
6 0  1.41500000006e-06
6 0  8.44699999991e-06
6 2  5.34100000005e-06
6 5  1.76299999999e-06
6 3  1.31900000011e-06
6 3  1.44200000007e-06
6 5  4.29599999996e-06
6 2  2.42699999986e-06
6 5  2.81400000013e-06
6 2  1.38699999996e-06
6 3  1.13999999996e-06
6 5  9.67900000015e-06
6 2  2.92400000013e-06
6 3  1.31699999995e-06
6 2  4.80899999999e-06
6 5  1.7699999999e-06
6 3  5.50300000013e-06
6 5  4.72100000004e-06
6 2  1.64699999994e-06
6 3  2.22999999999e-06
6 2  1.60999999999e-06
6 5  2.43099999997e-06
6 3  1.535e-06
6 2  1.58900000002e-06
6 3  5.81300000002e-06
6 5  1.484e-06
6 2  1.50300000001e-06
6 3  6.33100000003e-06
6 5  2.80100000016e-06
6 5  4.83499999993e-06
6 3  1.48100000019e-06
6 2  1.688e-06
6 5  4.83499999993e-06
6 3  1.58900000002e-06
6 2  2.78900000006e-06
6 2  5.09599999998e-06
6 5  1.52399999997e-06
6 3  2.23099999985e-06
6 5  9.339e-06
6 2  5.1379999999e-06
6 3  1.67699999998e-06
6 2  1.53999999997e-06
6 3  1.64199999997e-06
6 5  1.52599999992e-06
6 3  9.67899999993e-06
6 2  5.31799999992e-06
6 5  1.63399999997e-06
6 2  8.18999999996e-06
6 5  5.30199999993e-06
6 3  1.93500000001e-06
6 5  1.41500000006e-06
6 3  2.60800000018e-06
6 2  1.55199999985e-06
6 2  4.5099999999e-06
6 3  1.38500000002e-06
6 5  1.31699999995e-06
6 3  1.63599999992e-06
6 2  4.77599999993e-06
6 5  1.60000000005e-06
6 3  4.92800000007e-06
6 5  1.40200000009e-06
6 2  1.51299999995e-06
6 5  1.69699999986e-06
6 2  2.54099999997e-06
6 3  2.49100000005e-06
6 5  7.67900000009e-06
6 2  4.71600000007e-06
6 3  1.60800000004e-06
6 2  4.39900000004e-06
6 3  1.63099999995e-06
6 5  2.3349999998e-06
6 2  4.08899999993e-06
6 3  1.264e-06
6 2  2.88399999993e-06
6 3  2.4970000001e-06
6 3  1.527e-06
6 2  2.74900000008e-06
6 2  2.46700000006e-06
6 3  1.32399999986e-06
6 3  1.36900000003e-06
6 2  3.215e-06
6 3  2.42400000006e-06
6 2  2.39900000021e-06
6 2  4.2979999999e-06
6 3  1.57900000008e-06
6 3  4.173e-06
6 2  1.37299999992e-06
6 2  4.6680000001e-06
6 3  1.4370000001e-06
6 2  2.54899999996e-06
6 3  2.16200000014e-06
6 2  4.18599999996e-06
6 3  1.35999999995e-06
6 3  1.47900000003e-06
6 2  2.25900000017e-06
6 3  4.83100000004e-06
6 2  1.45500000004e-06
6 3  4.59000000008e-06
6 2  1.43999999991e-06
6 2  1.48200000005e-06
6 3  2.3870000001e-06
6 3  1.35400000012e-06
6 2  1.37500000008e-06
6 3  4.09300000004e-06
6 2  1.2920000001e-06
6 2  4.39500000016e-06
6 3  1.53699999994e-06
6 2  1.45899999993e-06
6 3  1.16500000003e-06
6 3  4.28199999991e-06
6 2  1.41199999981e-06
6 3  4.50899999982e-06
6 2  1.52000000009e-06
6 2  1.44200000007e-06
6 3  2.53900000002e-06
6 2  5.37999999994e-06
6 3  2.45199999993e-06
6 3  4.24100000007e-06
6 2  1.54400000008e-06
6 3  2.155e-06
6 3  1.81299999991e-06
6 3  2.33699999996e-06
6 3  3.427e-06
6 3  2.25500000006e-06
6 3  2.19400000012e-06
6 1  2.03700000001e-06
6 1  2.30400000012e-06
6 1  2.39300000016e-06
6 1  2.21500000008e-06
6 1  2.42199999989e-06
6 1  2.3440000001e-06
6 1  2.33400000016e-06
6 1  2.273e-06
6 1  2.37600000008e-06
6 1  4.31999999995e-06
6 7  1.24499999998e-06
6 7  1.33400000002e-06
6 1  1.24199999996e-06
6 7  4.03700000007e-06
6 1  1.31000000003e-06
6 1  1.29299999996e-06
6 7  1.57999999995e-06
6 1  4.18300000016e-06
6 7  1.47199999989e-06
6 7  2.4139999999e-06
6 7  2.55399999993e-06
6 7  2.21700000003e-06
6 7  2.15900000011e-06
6 7  2.42100000003e-06
6 7  2.53700000008e-06
6 7  2.44099999991e-06
6 7  2.37299999983e-06
6 7  2.54999999982e-06
6 7  2.27199999991e-06
6 7  2.646e-06
6 7  2.39400000002e-06
6 7  2.62300000009e-06
6 1  4.12699999996e-06
6 7  1.35000000001e-06
6 1  5.36799999984e-06
6 7  1.48000000011e-06
6 7  4.30400000018e-06
6 1  1.44099999999e-06
6 1  2.49900000004e-06
6 7  1.31999999997e-06
6 1  2.32799999988e-06
6 7  3.29599999982e-06
6 7  2.689e-06
6 1  2.24199999987e-06
6 1  2.27200000014e-06
6 7  1.55399999979e-06
6 1  1.37099999997e-06
6 7  2.67799999998e-06
6 1  1.19499999984e-06
6 7  2.81899999988e-06
6 7  2.42800000017e-06
6 7  2.13599999999e-06
6 7  1.18400000004e-06
6 4  1.527e-06
6 7  4.07599999996e-06
6 4  1.24400000012e-06
6 4  4.00800000011e-06
6 7  1.41500000006e-06
6 4  4.40700000004e-06
6 7  1.43200000013e-06
6 7  2.79999999986e-06
6 4  2.64799999994e-06
6 4  4.34900000013e-06
6 7  1.45399999996e-06
6 7  4.69599999997e-06
6 4  1.37799999989e-06
6 4  4.07199999986e-06
6 7  1.42199999997e-06
6 4  1.33999999985e-06
6 7  2.46400000004e-06
6 4  3.97600000013e-06
6 7  1.2519999999e-06
6 4  5.92600000004e-06
6 7  2.7680000001e-06
6 7  4.52300000009e-06
6 4  1.40299999996e-06
6 4  4.34399999993e-06
6 7  1.63899999994e-06
6 4  4.57399999987e-06
6 7  1.37300000014e-06
6 7  1.29199999988e-06
6 4  3.68699999997e-06
6 7  3.96599999997e-06
6 4  1.20699999995e-06
6 7  1.24499999998e-06
6 4  1.51500000012e-06
6 7  4.13799999999e-06
6 4  1.38400000016e-06
6 4  4.86999999993e-06
6 7  1.48500000008e-06
6 4  2.35100000001e-06
6 7  2.45399999987e-06
6 7  1.68899999986e-06
6 4  3.72100000012e-06
6 7  4.66700000001e-06
6 4  1.747e-06
6 7  4.1850000001e-06
6 4  1.23200000002e-06
6 7  4.42300000003e-06
6 4  1.51700000006e-06
6 7  1.72700000012e-06
6 4  2.222e-06
6 7  2.44699999996e-06
6 7  2.46500000012e-06
6 7  2.68700000006e-06
6 7  2.65500000007e-06
6 7  2.40900000015e-06
6 7  2.51500000004e-06
6 7  2.46199999987e-06
6 7  2.61199999985e-06
6 7  2.5669999999e-06
6 7  1.3259999998e-06
6 7  2.5589999999e-06
6 7  2.5589999999e-06
6 7  2.47099999995e-06
6 7  2.82200000012e-06
6 7  2.38900000005e-06
6 7  2.49900000004e-06
6 7  2.20100000003e-06
6 2  3.94599999987e-06
6 7  1.29699999984e-06
6 2  4.01100000014e-06
6 7  1.34399999996e-06
6 7  2.39899999999e-06
6 2  2.61400000001e-06
6 7  5.85499999994e-06
6 2  2.80600000013e-06
6 7  5.07999999999e-06
6 2  1.25200000012e-06
6 7  1.68899999986e-06
6 2  2.74400000011e-06
6 2  1.3860000001e-06
6 7  3.99600000001e-06
6 2  4.29099999999e-06
6 7  1.38500000002e-06
6 2  4.85000000006e-06
6 7  1.87900000004e-06
6 2  4.46499999995e-06
6 7  1.68499999997e-06
6 7  4.42600000006e-06
6 2  1.58100000003e-06
6 7  4.47299999995e-06
6 2  1.46999999995e-06
6 3  1.43099999983e-06
6 3  2.41400000012e-06
6 2  2.73900000014e-06
6 7  1.56699999998e-06
6 7  9.16200000001e-06
6 2  4.49399999991e-06
6 3  1.47199999989e-06
6 2  5.18099999991e-06
6 3  1.798e-06
6 7  2.748e-06
6 3  1.85100000016e-06
6 7  1.60500000002e-06
6 2  1.54499999994e-06
6 3  1.49999999999e-06
6 2  1.35999999995e-06
6 7  2.78300000001e-06
6 7  4.39600000002e-06
6 2  1.35199999995e-06
6 3  1.44000000013e-06
6 7  1.51799999992e-06
6 3  1.57200000017e-06
6 2  1.50099999985e-06
6 7  4.59100000016e-06
6 2  1.54500000016e-06
6 3  2.36199999981e-06
6 3  2.06599999997e-06
6 2  1.27800000005e-06
6 3  2.07000000008e-06
6 7  1.59399999999e-06
6 7  1.68399999989e-06
6 3  1.29800000015e-06
6 2  1.49000000005e-06
6 7  1.88000000012e-06
6 2  2.87699999979e-06
6 3  1.53100000011e-06
6 2  8.18699999994e-06
6 7  2.09900000003e-06
6 3  1.366e-06
6 7  2.55199999999e-06
6 7  2.38900000005e-06
6 7  2.48999999997e-06
6 7  2.5159999999e-06
6 7  2.41299999981e-06
6 7  2.32200000005e-06
6 7  2.53699999986e-06
6 7  2.27900000005e-06
6 7  2.68699999983e-06
6 7  2.51699999998e-06
6 7  2.45799999998e-06
6 7  2.4059999999e-06
6 7  2.64700000008e-06
6 7  2.62900000014e-06
6 7  2.23099999985e-06
6 7  2.31500000014e-06
6 7  2.3979999999e-06
6 7  2.16799999997e-06
6 7  2.36399999998e-06
6 7  1.23800000007e-06
6 7  2.66900000012e-06
6 7  2.36099999995e-06
6 3  1.33800000013e-06
6 7  2.68400000003e-06
6 7  2.5159999999e-06
6 3  1.42899999989e-06
6 3  1.34299999988e-06
6 7  3.61400000015e-06
6 3  4.14700000007e-06
6 7  1.30700000001e-06
6 3  2.31200000012e-06
6 7  1.35800000001e-06
6 7  1.20199999998e-06
6 3  3.37800000016e-06
6 7  4.21900000003e-06
6 3  1.35999999995e-06
6 7  5.85499999994e-06
6 3  2.67300000001e-06
6 3  1.84000000014e-06
6 7  1.37999999983e-06
6 7  1.55699999982e-06
6 3  3.38899999996e-06
6 7  4.51899999998e-06
6 3  1.54900000005e-06
6 3  4.01400000016e-06
6 7  1.3969999999e-06
6 3  4.5179999999e-06
6 7  1.50700000012e-06
6 7  2.4959999998e-06
6 3  1.37599999994e-06
6 3  1.51200000009e-06
6 7  3.75399999997e-06
6 7  2.35599999998e-06
6 3  1.41999999981e-06
6 3  2.67700000012e-06
6 7  3.50500000001e-06
6 3  1.4370000001e-06
6 7  2.26899999989e-06
6 7  1.56000000007e-06
6 3  1.69000000017e-06
6 7  1.75199999997e-06
6 3  2.25599999992e-06
6 7  2.28799999991e-06
6 7  2.61099999999e-06
6 7  2.37099999989e-06
6 5  2.13700000007e-06
6 5  2.34399999988e-06
6 5  2.4289999998e-06
6 5  2.16900000005e-06
6 5  2.434e-06
6 5  2.485e-06
6 5  2.18800000007e-06
6 5  2.16199999992e-06
6 5  2.40100000015e-06
6 5  2.36899999995e-06
6 6  1.79499999997e-06
6 6  2.28700000005e-06
6 6  2.03599999993e-06
6 6  2.12600000005e-06
6 6  2.23900000007e-06
6 6  2.27999999991e-06
6 2  2.528e-06
6 2  2.39700000004e-06
6 2  2.49799999996e-06
6 2  2.55599999988e-06
6 2  2.27700000011e-06
6 2  2.21099999997e-06
6 2  2.34299999979e-06
6 2  2.51699999998e-06
6 2  2.43500000008e-06
6 2  2.40000000007e-06
6 2  1.2330000001e-06
6 2  2.45999999993e-06
6 1  4.62099999998e-06
6 2  1.54999999991e-06
6 1  1.48000000011e-06
6 2  2.09100000004e-06
6 1  4.05199999998e-06
6 2  1.30599999992e-06
6 1  5.18399999994e-06
6 2  1.75300000005e-06
6 2  2.67999999992e-06
6 1  2.34199999993e-06
