748 748 1
1613 1613 1
841 841 1
1698 1698 1
2554 2554 1
483 483 1
1397 1397 1
817 817 1
593 593 1
895 895 1
356 356 1
390 390 1
1285 1285 1
493 493 1
260 260 1
307 307 1
414 414 1
564 564 1
444 444 1
627 627 1
1013 1013 1
616 616 1
920 920 1
1410 1410 1
662 662 1
 
1684 1684 1
1887 1887 1
397 397 1
2377 2377 1
2091 2091 1
1446 1446 1
990 990 1
713 713 1
1244 1244 1
1791 1791 1
528 528 1
1739 1739 1
1275 1275 1
1282 1282 1
1479 1479 1
874 874 1
1738 1738 1
1649 1649 1
2239 2239 1
777 777 1
1136 1136 1
1408 1408 1
1743 1743 1
1244 1244 1
1501 1501 1
 
1821 1821 1
1604 1604 1
2812 2812 1
2207 2207 1
1358 1358 1
2115 2115 1
2180 2180 1
2970 2970 1
2546 2546 1
1229 1229 1
1261 1261 1
1676 1676 1
770 770 1
2126 2126 1
2904 2904 1
2272 2272 1
2455 2455 1
2442 2442 1
1708 1708 1
4776 4776 1
2747 2747 1
2765 2765 1
2177 2177 1
2360 2360 1
1656 1656 1
 
2682 2682 1
4329 4329 1
2916 2916 1
2118 2118 1
4540 4540 1
2240 2240 1
2835 2836 0
1709 1709 1
3933 3933 1
4297 4297 1
2208 2208 1
2293 2293 1
5166 5166 1
2564 2564 1
2515 2515 1
3361 3361 1
3120 3120 1
3737 3737 1
2384 2384 1
2474 2474 1
3062 3062 1
3634 3634 1
2853 2853 1
2569 2569 1
3699 3699 1
 
4421 4421 1
3604 3604 1
4817 4817 1
4983 4983 1
2516 2516 1
3798 3798 1
4563 4563 1
2615 2615 1
4451 4451 1
3485 3485 1
3886 3886 1
3751 3751 1
1920 1920 1
3003 3003 1
3198 3198 1
2599 2599 1
4496 4496 1
3054 3054 1
3077 3077 1
5018 5018 1
3610 3610 1
2749 2749 1
3772 3772 1
4807 4807 1
2455 2455 1
 
5507 5507 1
3461 3461 1
5164 5164 1
3461 3461 1
4257 4257 1
4136 4136 1
6163 6163 1
4235 4235 1
4748 4748 1
3210 3210 1
4551 4551 1
3803 3803 1
5933 5937 0
3299 3299 1
2771 2773 0
5269 5269 1
3126 3126 1
5023 5023 1
3375 3375 1
3494 3494 1
3017 3017 1
4262 4262 1
3333 3333 1
2070 2070 1
2910 2912 0
 
6059 6059 1
3509 3515 0
3664 3675 0
4233 4233 1
5307 5307 1
4980 4980 1
4551 4551 1
3864 3873 0
3683 3686 0
4017 4017 1
3608 3608 1
4881 4886 0
3291 3291 1
3334 3343 0
5095 5096 0
4818 4818 1
5074 5074 1
4236 4239 0
4867 4867 1
2182 2182 1
3446 3446 1
4948 4957 0
3480 3497 0
4891 4892 0
4244 4244 1
 
4609 5077 0
6169 6288 0
8321 8385 0
6312 6320 0
3991 3996 0
4246 4341 0
6081 6212 0
4980 5150 0
5294 5334 0
8493 8504 0
4851 5023 0
5309 5329 0
5270 5273 0
7853 7853 1
6020 6169 0
4979 5041 0
4986 5032 0
5329 5360 0
6241 6395 0
4818 5079 0
6681 6810 0
4893 4931 0
5211 5231 0
3865 3962 0
5372 5472 0
 
===
