4601 4601 1
5202 5202 1
4171 4171 1
7405 7405 1
4938 4938 1
4290 4290 1
6028 6028 1
6066 6066 1
4867 4867 1
4365 4365 1
3740 3740 1
4390 4390 1
6702 6702 1
5797 5797 1
5312 5312 1
5494 5494 1
5019 5019 1
5199 5199 1
6330 6330 1
5256 5256 1
4070 4070 1
6120 6120 1
5039 5039 1
4651 4651 1
5129 5129 1
 
13101 13101 1
11075 11075 1
9182 9182 1
12815 12815 1
9202 9202 1
13389 13389 1
9749 9749 1
10522 10522 1
11504 11504 1
9365 9365 1
12309 12309 1
12652 12652 1
9188 9188 1
12377 12377 1
9029 9029 1
12727 12727 1
9646 9646 1
10711 10711 1
11017 11017 1
9984 9984 1
9661 9661 1
12089 12089 1
10359 10359 1
12819 12819 1
9160 9160 1
 
15603 15603 1
19345 19345 1
17004 17004 1
14852 14852 1
15970 15970 1
15498 15498 1
13980 13980 1
16536 16536 1
16340 16340 1
14952 14952 1
18057 18057 1
17297 17297 1
20922 20922 1
15691 15691 1
12815 12815 1
15103 15103 1
16249 16249 1
18367 18367 1
15860 15860 1
13470 13470 1
18763 18763 1
14436 14436 1
18931 18931 1
14872 14872 1
12732 12732 1
 
24362 24362 1
22377 22377 1
23349 23349 1
21063 21063 1
21409 21409 1
19088 19088 1
21211 21211 1
19239 19239 1
22690 22690 1
22040 22040 1
17936 17936 1
25776 25776 1
23043 23043 1
21504 21504 1
19287 19287 1
21278 21278 1
20968 20968 1
21863 21863 1
21728 21728 1
21219 21219 1
22425 22425 1
26234 26234 1
18378 18378 1
20971 20971 1
21902 21902 1
 
24490 24490 1
33348 33348 1
24581 24581 1
23404 23404 1
28263 28263 1
29562 29562 1
27285 27285 1
22743 22743 1
23046 23046 1
26311 26311 1
24785 24785 1
23769 23769 1
21562 21562 1
21639 21639 1
26498 26498 1
27693 27693 1
27489 27489 1
30843 30843 1
22689 22689 1
27306 27306 1
51340 51340 1
28707 28707 1
26242 26242 1
31498 31498 1
24860 24860 1
 
34037 34037 1
35373 35373 1
32128 32128 1
31336 31336 1
31217 31217 1
27810 27810 1
33699 33699 1
28821 28821 1
31780 31780 1
31355 31355 1
30387 30387 1
30447 30447 1
36829 36829 1
36121 36121 1
27191 27191 1
33405 33405 1
64165 64165 1
28568 28568 1
37494 37494 1
34592 34592 1
29736 29736 1
36949 36949 1
30031 30031 1
34719 34719 1
32499 32499 1
 
37280 37280 1
38518 38518 1
36025 36025 1
34474 34474 1
44807 44807 1
39462 39462 1
40747 40747 1
36120 36120 1
33554 33554 1
34438 34438 1
42746 42746 1
42596 42596 1
41714 41714 1
34645 34645 1
35677 35677 1
37269 37269 1
37002 37002 1
33525 33525 1
36526 36526 1
39620 39620 1
43940 43940 1
39031 39031 1
35673 35673 1
38884 38884 1
36986 36986 1
 
42127 42127 1
43843 43843 1
52892 52892 1
47709 47709 1
40724 40724 1
45236 45236 1
53087 53087 1
45944 45944 1
40218 40218 1
34973 34973 1
40949 40949 1
44651 44651 1
38997 38997 1
45799 45799 1
45670 45670 1
37872 37872 1
38537 38537 1
40847 40847 1
53951 53951 1
44843 44843 1
44707 44707 1
46612 46612 1
44723 44723 1
42057 42057 1
45682 45682 1
 
===
