691 691 1
2541 2541 1
1117 1117 1
769 769 1
980 980 1
515 515 1
1826 1826 1
1008 1008 1
1880 1880 1
1307 1307 1
2440 2440 1
1083 1083 1
2053 2053 1
875 875 1
1981 1981 1
1158 1158 1
1476 1476 1
1004 1004 1
716 716 1
864 864 1
1262 1262 1
792 792 1
1101 1101 1
1011 1011 1
1850 1850 1
 
1898 1898 1
2050 2050 1
2636 2636 1
2370 2370 1
2842 2842 1
1726 1726 1
2224 2224 1
2525 2525 1
3145 3145 1
2663 2663 1
1894 1894 1
2751 2751 1
3583 3583 1
2584 2584 1
2547 2547 1
2723 2723 1
2026 2026 1
2776 2776 1
3452 3452 1
2284 2284 1
1752 1752 1
1638 1638 1
1841 1841 1
2366 2366 1
2234 2234 1
 
2729 2729 1
3051 3051 1
5429 5429 1
1875 1875 1
2991 2991 1
3324 3324 1
3781 3781 1
4698 4698 1
2663 2663 1
4007 4007 1
3257 3257 1
2567 2567 1
2692 2692 1
3749 3749 1
3610 3610 1
2640 2640 1
3401 3401 1
2702 2702 1
2759 2759 1
4106 4106 1
2811 2811 1
4008 4008 1
2991 2991 1
2934 2934 1
3075 3075 1
 
4357 4357 1
3837 3837 1
3541 3541 1
3407 3407 1
4810 4810 1
4516 4516 1
5850 5850 1
4752 4752 1
2991 2991 1
4102 4102 1
4692 4692 1
4313 4313 1
3804 3804 1
4598 4598 1
3429 3429 1
3835 3835 1
4347 4347 1
4920 4920 1
5210 5210 1
4175 4175 1
5697 5697 1
4134 4134 1
4095 4095 1
4764 4764 1
5125 5125 1
 
4689 4689 1
8641 8641 1
5268 5268 1
7030 7030 1
4155 4155 1
4502 4502 1
3420 3420 1
6283 6283 1
4333 4333 1
5689 5689 1
5495 5495 1
6461 6461 1
4828 4828 1
6406 6406 1
4986 4986 1
6058 6058 1
8520 8520 1
4304 4304 1
5394 5394 1
4100 4100 1
4346 4346 1
5934 5934 1
5677 5677 1
5114 5114 1
5258 5258 1
 
8433 8433 1
5035 5035 1
8345 8345 1
6784 6784 1
6333 6333 1
9126 9126 1
7985 7985 1
6655 6655 1
8642 8642 1
4495 4495 1
5688 5688 1
5366 5366 1
7725 7725 1
6469 6469 1
7407 7407 1
6776 6776 1
6573 6573 1
8668 8668 1
5813 5813 1
5538 5538 1
5580 5580 1
6938 6938 1
8368 8368 1
6845 6845 1
5967 5967 1
 
6615 6615 1
8778 8778 1
6450 6450 1
7412 7412 1
6511 6511 1
5334 5334 1
6119 6119 1
9202 9202 1
9157 9157 1
6186 6186 1
8801 8801 1
8370 8370 1
7613 7613 1
7697 7697 1
7894 7894 1
7424 7424 1
5682 5682 1
7787 7787 1
8820 8820 1
7629 7629 1
6612 6612 1
5627 5627 1
6165 6165 1
5784 5784 1
5862 5862 1
 
9668 9668 1
7564 7564 1
10419 10419 1
6439 6439 1
8755 8755 1
11383 11383 1
8635 8635 1
8074 8074 1
7811 7811 1
7607 7607 1
7431 7431 1
8486 8486 1
9699 9699 1
13032 13032 1
9961 9961 1
9735 9735 1
12032 12032 1
6938 6938 1
8766 8766 1
10739 10739 1
9280 9280 1
10020 10020 1
10197 10197 1
8890 8890 1
9073 9073 1
 
===
