582 582 1
295 295 1
848 848 1
376 376 1
387 387 1
493 493 1
382 382 1
326 326 1
414 414 1
508 508 1
437 437 1
308 308 1
707 707 1
357 357 1
408 408 1
385 385 1
845 845 1
928 928 1
481 481 1
372 372 1
386 386 1
264 264 1
769 769 1
661 661 1
739 739 1
 
944 944 1
832 832 1
1140 1140 1
761 761 1
858 858 1
1168 1168 1
1988 1988 1
1559 1559 1
1040 1040 1
419 419 1
525 525 1
1035 1035 1
476 476 1
1432 1432 1
473 473 1
431 431 1
629 629 1
454 454 1
1002 1002 1
689 689 1
1090 1090 1
706 706 1
1316 1316 1
1583 1583 1
745 745 1
 
1997 1997 1
1322 1322 1
1619 1619 1
998 998 1
658 658 1
1686 1686 1
858 858 1
923 923 1
637 637 1
1756 1756 1
1937 1937 1
1085 1085 1
1601 1601 1
1216 1216 1
1307 1307 1
647 647 1
1592 1592 1
1914 1914 1
701 701 1
1482 1482 1
1151 1151 1
2417 2417 1
786 786 1
666 666 1
1006 1006 1
 
1734 1734 1
1940 1940 1
1845 1845 1
1344 1344 1
2132 2132 1
1821 1821 1
1304 1304 1
1176 1176 1
1743 1743 1
1810 1810 1
1320 1320 1
929 929 1
1085 1085 1
1312 1312 1
1759 1759 1
1777 1777 1
2067 2067 1
1787 1787 1
2329 2329 1
2166 2166 1
1202 1202 1
1600 1600 1
1857 1857 1
2814 2814 1
1868 1868 1
 
1249 1249 1
3109 3109 1
2815 2815 1
1197 1197 1
1625 1625 1
1776 1776 1
1418 1418 1
1653 1653 1
1731 1731 1
2542 2542 1
2949 2949 1
1408 1408 1
1982 1982 1
3965 3965 1
2682 2682 1
1897 1897 1
1821 1821 1
2341 2341 1
2028 2028 1
2297 2297 1
1905 1905 1
2155 2155 1
1272 1272 1
1839 1839 1
1719 1719 1
 
2091 2091 1
2435 2435 1
2179 2179 1
3099 3099 1
2225 2225 1
1867 1867 1
2656 2656 1
2155 2155 1
2203 2203 1
2100 2100 1
2572 2572 1
1890 1890 1
2166 2166 1
3631 3632 0
2164 2164 1
1499 1499 1
2551 2551 1
1756 1756 1
1784 1784 1
1782 1782 1
2353 2353 1
3105 3105 1
1731 1732 0
2525 2525 1
2162 2162 1
 
3090 3090 1
2487 2487 1
2414 2414 1
2032 2044 0
3028 3032 0
2364 2379 0
3149 3151 0
1763 1764 0
2967 2970 0
3013 3013 1
1754 1757 0
3001 3010 0
2174 2178 0
3154 3154 1
2556 2563 0
2666 2668 0
2955 2957 0
3428 3444 0
3178 3187 0
2815 2823 0
2492 2507 0
1720 1722 0
3146 3176 0
2532 2532 1
1685 1686 0
 
2611 2826 0
2984 3082 0
2255 2508 0
2471 2659 0
2524 2753 0
2539 2774 0
2126 2321 0
5175 5730 0
3086 3479 0
2748 3123 0
2328 2420 0
3821 4021 0
4273 4450 0
4337 4668 0
2629 2834 0
3289 3545 0
2335 2497 0
2395 2605 0
2167 2469 0
2373 2608 0
3526 3800 0
3067 3427 0
2935 3329 0
2661 2916 0
2941 3294 0
 
===
