-total num of scheduling:4359
-avg overhead:8.97647625602e-07
1 7  9.71e-07
1 4  7.75e-07
1 6  7.93e-07
1 0  1.037e-06
1 5  1.013e-06
1 3  9.72e-07
1 2  9.89e-07
1 4  7.62e-07
1 7  7.77e-07
1 5  9.55e-07
1 2  9.6e-07
1 3  1.068e-06
1 0  1.077e-06
1 7  7.4e-07
1 4  7.6e-07
1 5  1.037e-06
1 2  1.097e-06
1 3  9.87e-07
1 0  1.094e-06
1 4  7.58e-07
1 7  7.77e-07
1 0  9.57e-07
1 5  1.051e-06
1 2  9.55e-07
1 3  1.012e-06
1 4  7.51e-07
1 7  7.34e-07
1 5  9.89e-07
1 2  1.081e-06
1 0  9.81e-07
1 3  9.95e-07
1 4  7.57000000001e-07
1 7  7.83e-07
1 5  9.39e-07
1 0  9.35000000001e-07
1 3  9.64999999999e-07
1 2  9.57e-07
1 7  7.31e-07
1 4  7.96e-07
1 5  8.25e-07
1 0  9.54e-07
1 2  9.6e-07
1 3  9.89000000001e-07
1 3  8.13e-07
1 0  9.12e-07
1 5  9.1e-07
1 7  8.82e-07
1 2  7.94e-07
1 4  8.32e-07
1 4  7.37e-07
1 7  1.047e-06
1 5  9.62e-07
1 0  9.82e-07
1 3  9.64999999999e-07
1 2  9.6e-07
1 4  7.48e-07
1 7  7.49e-07
1 5  9.43000000001e-07
1 2  1.031e-06
1 3  9.99e-07
1 0  1.07e-06
1 7  7.30000000001e-07
1 4  7.62999999999e-07
1 5  9.36999999999e-07
1 0  1.08e-06
1 3  1.082e-06
1 2  9.75e-07
1 4  7.49000000001e-07
1 7  7.95999999999e-07
1 0  9.53999999999e-07
1 5  1.044e-06
1 2  9.64000000001e-07
1 3  9.99999999999e-07
1 4  8.51e-07
1 7  7.65e-07
1 5  9.61000000001e-07
1 3  9.48000000001e-07
1 0  1.09e-06
1 2  9.45e-07
1 7  7.46000000001e-07
1 4  7.74e-07
1 5  1.041e-06
1 0  9.79999999999e-07
1 2  1.011e-06
1 3  1.02e-06
1 7  7.44e-07
1 4  7.57000000001e-07
1 2  9.43999999999e-07
1 5  1.04e-06
1 0  1.012e-06
1 3  9.74999999999e-07
1 4  8.87e-07
1 7  7.81e-07
1 5  9.55e-07
1 3  9.34999999999e-07
1 2  9.5e-07
1 0  1.057e-06
1 7  1.227e-06
1 7  7.44e-07
1 5  9.37000000001e-07
1 0  1.052e-06
1 3  9.77999999999e-07
1 2  9.62e-07
1 2  7.35999999999e-07
1 5  7.87e-07
1 7  7.79000000001e-07
1 0  8.21e-07
1 3  8.3e-07
1 7  8.03000000001e-07
1 3  9.72e-07
1 5  9.52e-07
1 0  1.06e-06
1 2  1.012e-06
1 7  7.08999999998e-07
1 5  9.37000000003e-07
1 0  9.58999999998e-07
1 3  9.96999999999e-07
1 2  9.80000000001e-07
1 7  9.07000000001e-07
1 0  9.52000000002e-07
1 3  9.70999999999e-07
1 2  9.56e-07
1 5  9.96999999999e-07
1 7  6.93e-07
1 0  9.25999999998e-07
1 5  1.178e-06
1 3  9.47000000001e-07
1 2  1.04e-06
1 3  9.16e-07
1 5  1.163e-06
1 0  9.66999999998e-07
1 2  9.87000000001e-07
1 5  9.95e-07
1 2  9.49e-07
1 0  1.097e-06
1 3  1.035e-06
1 5  9.17000000003e-07
1 3  9.46999999998e-07
1 0  1.012e-06
1 2  1.062e-06
1 5  9.09e-07
1 3  9.61000000001e-07
1 0  1.112e-06
1 2  9.98000000002e-07
1 0  1.028e-06
1 5  9.96e-07
1 2  1.169e-06
1 3  1.156e-06
1 0  8.24999999999e-07
1 2  8.15000000001e-07
1 3  8.9e-07
1 5  7.62999999997e-07
1 3  9.3e-07
1 5  9.65999999998e-07
1 0  1.085e-06
1 2  9.43e-07
1 5  1.042e-06
1 3  1.007e-06
1 0  1.014e-06
1 2  9.96e-07
1 0  9.36999999999e-07
1 2  9.75e-07
1 3  1.007e-06
1 5  1.046e-06
1 5  9.44999999999e-07
1 3  9.72000000002e-07
1 2  1.057e-06
1 0  1.025e-06
1 0  1.004e-06
1 3  1.125e-06
1 5  1.038e-06
1 2  9.64000000003e-07
1 5  1.005e-06
1 0  1.017e-06
1 2  1.071e-06
1 3  1.05e-06
1 5  1.068e-06
1 0  1.02e-06
1 2  1.04e-06
1 3  1.002e-06
1 5  8.55000000001e-07
1 0  9.67000000001e-07
1 3  1.052e-06
1 2  9.61000000001e-07
1 5  7.39999999999e-07
1 3  9.19999999998e-07
1 0  9.62e-07
1 2  9.69e-07
1 5  7.32999999999e-07
1 3  7.73000000003e-07
1 0  8.07000000002e-07
1 2  7.99999999999e-07
1 2  7.10000000001e-07
1 5  9.42000000004e-07
1 3  9.81000000004e-07
1 0  9.93999999997e-07
1 2  7.20000000003e-07
1 5  9.85000000002e-07
1 0  1.067e-06
1 3  9.89e-07
1 2  7.14999999998e-07
1 5  9.73000000001e-07
1 0  9.53999999997e-07
1 3  1.057e-06
1 2  7.84000000004e-07
1 5  9.44000000003e-07
1 3  1.004e-06
1 0  1.074e-06
1 2  7.12e-07
1 5  9.49e-07
1 0  9.62e-07
1 3  9.95999999996e-07
1 0  7.86000000003e-07
1 2  7.58000000003e-07
1 5  9.14000000005e-07
1 3  9.36999999999e-07
1 3  7.60000000002e-07
1 0  8.95000000001e-07
1 2  8.18e-07
1 5  1.01e-06
1 3  7.57999999997e-07
1 2  7.82999999997e-07
1 0  8.21999999998e-07
1 5  9.36999999999e-07
1 3  7.92000000006e-07
1 0  8.18e-07
1 2  8.63999999996e-07
1 5  1.002e-06
1 5  8.67000000002e-07
1 3  7.96999999997e-07
1 2  7.91e-07
1 0  8.45000000006e-07
1 0  7.61000000002e-07
1 2  7.91e-07
1 3  8.08000000005e-07
1 5  9.44999999995e-07
1 0  8.16000000001e-07
1 3  8.31e-07
1 2  7.57999999997e-07
1 5  9.12999999998e-07
1 2  7.44000000004e-07
1 0  8.55000000001e-07
1 3  8.53999999995e-07
1 5  9.66999999998e-07
1 0  7.52999999999e-07
1 3  1.014e-06
1 2  7.68999999998e-07
1 5  9.43000000003e-07
1 0  7.40999999999e-07
1 3  8.06999999999e-07
1 2  8.58999999999e-07
1 5  9.72000000002e-07
1 3  8.43e-07
1 0  8.68000000001e-07
1 2  7.43000000004e-07
1 5  1.025e-06
1 0  7.49999999994e-07
1 2  8.22000000004e-07
1 3  8.52000000003e-07
1 5  1.023e-06
1 3  8.35999999997e-07
1 2  7.42999999997e-07
1 5  1.018e-06
1 3  8.18999999999e-07
1 5  9.28999999997e-07
1 5  7.87000000002e-07
1 3  7.59000000003e-07
1 5  7.43999999997e-07
1 3  7.69999999997e-07
1 5  7.23000000001e-07
1 3  7.61999999994e-07
1 5  7.29000000005e-07
1 3  7.56999999997e-07
1 5  7.32999999996e-07
1 3  7.47000000002e-07
1 5  7.39e-07
1 3  7.54999999998e-07
1 5  9.24999999999e-07
1 3  7.44999999996e-07
1 5  7.39999999999e-07
1 3  8.12999999995e-07
1 5  7.24000000001e-07
1 3  8.59999999998e-07
1 5  8.09999999997e-07
1 3  8.24000000003e-07
1 5  7.30000000004e-07
1 3  7.48000000002e-07
1 5  7.50000000001e-07
1 3  7.53999999999e-07
1 5  7.91999999999e-07
1 3  7.57999999997e-07
1 5  8.24999999996e-07
1 3  7.73000000003e-07
1 5  7.26999999999e-07
1 3  7.77e-07
1 5  7.35000000002e-07
1 3  7.60000000002e-07
1 5  7.39e-07
1 3  8.25000000003e-07
1 5  7.47000000002e-07
1 3  8.40000000002e-07
1 5  7.32000000003e-07
1 3  7.71999999996e-07
1 5  7.35000000002e-07
1 3  7.53999999992e-07
1 5  7.39e-07
1 3  7.52000000007e-07
1 3  7.46999999995e-07
1 5  7.2999999999e-07
1 5  8.18e-07
1 3  7.42000000012e-07
1 5  7.35000000002e-07
1 3  8.18999999999e-07
1 5  7.21000000009e-07
1 3  7.49999999994e-07
1 5  7.45999999996e-07
1 3  7.55000000005e-07
1 5  7.38e-07
1 3  7.44999999996e-07
1 5  7.39999999999e-07
1 3  7.60000000002e-07
1 5  7.35000000002e-07
1 3  7.4500000001e-07
1 5  7.53000000006e-07
1 3  7.58000000003e-07
1 5  7.85000000003e-07
1 3  8.27000000009e-07
1 5  7.31000000004e-07
1 3  7.47000000009e-07
1 5  7.09000000002e-07
1 5  7.05000000004e-07
1 5  7.04000000004e-07
1 4  9.90000000006e-07
1 5  7.02000000005e-07
1 4  9.43999999989e-07
1 5  7.0399999999e-07
1 4  9.71000000002e-07
1 5  7.0399999999e-07
1 4  9.61999999993e-07
1 5  7.96999999997e-07
1 4  9.60000000008e-07
1 5  7.00000000006e-07
1 4  9.59000000009e-07
1 5  8.02000000008e-07
1 4  7.60000000002e-07
1 5  7.05000000004e-07
1 4  9.61999999993e-07
1 5  6.98999999993e-07
1 4  9.57999999995e-07
1 5  1.028e-06
1 4  1.052e-06
1 5  7.91999999999e-07
1 4  1.1e-06
1 5  8.12000000003e-07
1 4  1.03700000001e-06
1 5  7.01000000006e-07
1 4  1.072e-06
1 5  7.05000000004e-07
1 4  1.011e-06
1 5  6.98000000007e-07
1 4  1.077e-06
1 5  7.7200000001e-07
1 4  9.94000000004e-07
1 5  8.46999999998e-07
1 4  7.87000000002e-07
1 5  7.30000000004e-07
1 4  9.58999999995e-07
1 5  7.10000000001e-07
1 4  9.61999999993e-07
1 5  7.02000000005e-07
1 4  9.67000000004e-07
1 5  7.95000000012e-07
1 4  9.69000000003e-07
1 5  7.40999999999e-07
1 4  9.49e-07
1 5  7.46999999995e-07
1 4  7.96999999997e-07
1 5  7.37000000001e-07
1 4  7.53999999992e-07
1 5  7.33999999988e-07
1 4  9.49e-07
1 5  7.78000000007e-07
1 4  9.56999999996e-07
1 5  1.762e-06
1 5  7.46999999995e-07
1 4  7.96999999997e-07
1 5  7.40999999999e-07
1 4  9.72000000002e-07
1 5  7.25000000007e-07
1 4  9.5e-07
1 5  7.37000000001e-07
1 4  9.59999999994e-07
1 5  7.37000000001e-07
1 4  9.36999999993e-07
1 5  7.86999999988e-07
1 4  9.5e-07
1 5  7.79000000006e-07
1 4  9.54000000011e-07
1 5  8.07000000005e-07
1 4  9.51999999999e-07
1 5  7.27999999992e-07
1 4  9.59000000009e-07
1 5  7.06000000003e-07
1 4  9.78999999998e-07
1 5  7.37000000001e-07
1 4  7.71999999996e-07
1 5  7.29000000005e-07
1 4  9.4199999999e-07
1 5  7.98999999996e-07
1 4  9.47000000001e-07
1 5  7.41999999998e-07
1 4  9.48000000001e-07
1 5  8.15000000001e-07
1 4  9.39999999991e-07
1 5  8.20999999998e-07
1 4  9.5e-07
1 5  7.79000000006e-07
1 4  9.42000000004e-07
1 5  7.16999999997e-07
1 4  9.67000000004e-07
1 5  6.99999999992e-07
1 4  1.06600000001e-06
1 5  8.7e-07
1 4  9.47000000001e-07
1 5  7.32000000003e-07
1 4  7.45999999996e-07
1 5  8.26999999995e-07
1 4  9.54999999997e-07
1 5  7.70000000011e-07
1 4  9.47000000001e-07
1 5  8.11999999989e-07
1 4  9.52000000012e-07
1 5  7.08000000002e-07
1 4  9.59000000009e-07
1 5  7.39999999999e-07
1 4  9.76e-07
1 5  7.07000000003e-07
1 4  9.58000000009e-07
1 5  7.08999999988e-07
1 7  1.12899999999e-06
1 5  7.37000000001e-07
1 7  9.26999999998e-07
1 5  7.79999999992e-07
1 7  1.025e-06
1 5  8.54999999994e-07
1 7  8.56000000007e-07
1 5  7.82000000005e-07
1 7  9.89000000007e-07
1 5  7.76999999993e-07
1 7  1.01999999999e-06
1 5  7.28999999991e-07
1 7  1.04200000001e-06
1 5  7.32000000003e-07
1 7  9.39000000005e-07
1 5  7.03000000019e-07
1 7  1.005e-06
1 5  7.5699999999e-07
1 7  1.03900000001e-06
1 5  7.05000000017e-07
1 7  9.35999999979e-07
1 5  7.7200000001e-07
1 7  9.1499999999e-07
1 5  8.10000000018e-07
1 7  9.55999999996e-07
1 5  7.35000000002e-07
1 7  7.82999999976e-07
1 5  7.26999999978e-07
1 7  1.04500000001e-06
1 5  7.08000000016e-07
1 7  9.62999999993e-07
1 5  7.00999999992e-07
1 7  9.6799999999e-07
1 5  8.07000000019e-07
1 7  9.38999999978e-07
1 5  7.23000000008e-07
1 7  9.48000000001e-07
1 5  8.39000000002e-07
1 7  9.40999999977e-07
1 5  7.84999999975e-07
1 7  9.3399999998e-07
1 5  6.99000000021e-07
1 7  9.39999999977e-07
1 7  7.67699999998e-06
1 5  7.71999999982e-07
1 7  8.20000000012e-07
1 7  1.735e-06
1 7  7.30000000004e-07
1 5  7.94999999998e-07
1 5  8.15999999987e-07
1 7  7.58999999989e-07
1 5  8.33000000006e-07
1 7  7.24999999979e-07
1 5  7.37000000001e-07
1 7  7.29000000005e-07
1 5  7.25999999979e-07
1 7  7.30000000004e-07
1 5  7.41999999998e-07
1 7  1.01799999999e-06
1 5  7.05000000017e-07
1 7  9.29000000011e-07
1 5  7.75000000008e-07
1 7  9.58000000023e-07
1 5  7.30999999976e-07
1 7  1.03700000001e-06
1 5  7.31000000004e-07
1 7  9.91000000006e-07
1 7  8.49000000025e-07
1 5  9.00999999998e-07
1 5  7.30000000004e-07
1 7  9.20000000015e-07
1 5  7.23000000008e-07
1 7  9.40000000005e-07
1 5  7.11999999986e-07
1 7  9.53999999997e-07
1 5  8.10000000018e-07
1 7  9.46000000002e-07
1 5  7.27000000006e-07
1 7  9.66000000019e-07
1 5  7.07999999988e-07
1 7  9.25000000013e-07
1 5  6.99999999992e-07
1 7  1.02699999999e-06
1 5  7.91999999999e-07
1 7  9.8799999998e-07
1 5  7.08999999988e-07
1 7  9.56999999996e-07
1 5  7.34999999974e-07
1 7  7.65000000014e-07
1 5  7.27000000006e-07
1 7  9.72000000016e-07
1 5  7.39e-07
1 7  9.48000000001e-07
1 5  8.0600000002e-07
1 7  9.23000000014e-07
1 5  8.86000000005e-07
1 5  7.60999999988e-07
1 7  9.71999999988e-07
1 5  7.35000000002e-07
1 7  9.84999999981e-07
1 5  7.37000000001e-07
1 7  1.06899999999e-06
1 5  7.24999999979e-07
1 7  1.14300000001e-06
1 5  7.10000000015e-07
1 7  9.49e-07
1 5  7.12999999986e-07
1 7  9.35000000007e-07
1 5  9.75999999986e-07
1 7  7.67000000013e-07
1 5  8.37000000004e-07
1 7  9.47000000001e-07
1 5  7.0399999999e-07
1 7  1.007e-06
1 5  6.98999999993e-07
1 7  9.66999999991e-07
1 5  1.007e-06
1 7  1.28199999999e-06
1 5  7.02999999991e-07
1 7  9.41000000004e-07
1 5  7.02999999991e-07
1 7  9.36000000007e-07
1 5  7.39999999999e-07
1 7  9.54999999997e-07
1 5  7.34000000002e-07
1 7  9.29999999982e-07
1 5  7.39999999999e-07
1 7  9.53999999997e-07
1 5  7.38e-07
1 7  8.67000000015e-07
1 5  7.39999999999e-07
1 7  9.22000000014e-07
1 5  7.64999999986e-07
1 7  1.06200000002e-06
1 5  7.15000000012e-07
1 7  9.49e-07
1 5  7.86000000003e-07
1 7  9.35000000007e-07
1 5  7.27000000006e-07
1 7  9.44000000003e-07
1 5  7.90000000001e-07
1 7  9.56999999996e-07
1 5  7.0399999999e-07
1 7  9.49e-07
1 5  6.94000000023e-07
1 7  1.01199999999e-06
1 5  7.29000000005e-07
1 7  1.02600000002e-06
1 5  7.43999999997e-07
1 7  8.49000000025e-07
1 5  7.28000000005e-07
1 7  9.35000000007e-07
1 5  8.19000000013e-07
1 7  9.37000000006e-07
1 5  8.44999999999e-07
1 7  9.47000000001e-07
1 5  7.09999999987e-07
1 7  9.35999999979e-07
1 5  7.01999999991e-07
1 7  9.42000000004e-07
1 5  8.51999999996e-07
1 7  1.046e-06
1 5  7.10999999987e-07
1 7  9.99000000002e-07
1 5  7.11000000014e-07
1 7  1.04400000001e-06
1 5  7.07999999988e-07
1 7  9.36000000007e-07
1 5  7.37000000001e-07
1 7  7.35000000002e-07
1 5  7.25000000007e-07
1 7  1.02900000001e-06
1 5  7.60000000016e-07
1 7  9.45000000002e-07
1 5  6.95999999994e-07
1 7  9.28000000011e-07
1 5  7.0499999999e-07
1 7  9.55999999996e-07
1 5  7.06999999989e-07
1 7  1.03700000001e-06
1 5  7.05999999989e-07
1 7  1.01900000002e-06
1 5  8.05999999992e-07
1 7  7.88000000002e-07
1 5  7.50999999993e-07
1 7  7.39999999999e-07
1 5  8.11999999989e-07
1 7  7.31999999976e-07
1 5  8.43e-07
1 7  7.30000000004e-07
1 7  7.42999999997e-07
1 5  7.97999999996e-07
1 5  7.36000000001e-07
1 7  8.38000000003e-07
1 5  7.41999999998e-07
1 7  7.25999999979e-07
1 5  8.06999999992e-07
1 7  7.79999999978e-07
1 5  7.54999999991e-07
1 7  7.30000000004e-07
1 5  7.85000000003e-07
1 7  7.25000000007e-07
1 5  7.32000000003e-07
1 7  7.30000000004e-07
1 5  7.82000000005e-07
1 7  7.30000000004e-07
1 7  7.22000000009e-07
1 5  7.98999999996e-07
1 5  7.65999999985e-07
1 7  7.49000000022e-07
1 5  7.74999999981e-07
1 7  7.59999999989e-07
1 7  7.22000000009e-07
1 5  7.67999999984e-07
1 5  7.35000000002e-07
1 7  7.32000000003e-07
1 5  7.38e-07
1 7  7.32000000003e-07
1 5  7.26000000006e-07
1 7  9.27000000012e-07
1 5  9.22999999986e-07
1 7  7.82000000005e-07
1 7  7.24999999979e-07
1 5  8.60000000019e-07
1 5  8.46999999998e-07
1 7  7.28000000005e-07
1 5  7.96999999997e-07
1 7  7.30000000004e-07
1 5  7.41999999998e-07
1 7  8.69000000014e-07
1 5  7.39e-07
1 7  7.77999999979e-07
1 5  7.37000000001e-07
1 7  7.46999999995e-07
1 5  7.43999999997e-07
1 7  8.50999999996e-07
1 5  9.37000000006e-07
1 7  8.71999999985e-07
1 5  8.19999999985e-07
1 5  8.11999999989e-07
1 7  7.50999999993e-07
1 5  8.74999999984e-07
1 7  7.58999999989e-07
1 5  7.67999999984e-07
1 7  7.20999999981e-07
1 5  7.40999999999e-07
1 7  8.07999999991e-07
1 5  7.72999999982e-07
1 7  8.66999999988e-07
1 5  7.44999999996e-07
1 7  7.67999999984e-07
1 5  8.64999999989e-07
1 7  8.22000000011e-07
1 5  7.75000000008e-07
1 7  8.20999999984e-07
1 5  8.7800000001e-07
1 7  7.29000000005e-07
1 5  7.77000000007e-07
1 7  7.27000000006e-07
1 7  7.18999999982e-07
1 5  8.16999999986e-07
1 5  7.31000000004e-07
1 7  7.26999999978e-07
1 5  7.35000000002e-07
1 7  7.81000000005e-07
1 5  7.32000000003e-07
1 7  7.35000000002e-07
1 5  7.87000000002e-07
1 7  7.53999999992e-07
1 5  8.21999999984e-07
1 7  7.53999999992e-07
1 5  1.17399999999e-06
1 7  7.18000000011e-07
1 5  7.87000000002e-07
1 5  7.26999999978e-07
1 7  7.45999999996e-07
1 5  7.33000000003e-07
1 7  8.15000000015e-07
1 5  8.2500000001e-07
1 7  8.00999999995e-07
1 5  7.39999999999e-07
1 7  8.19999999985e-07
1 5  8.37000000004e-07
1 7  8.66999999988e-07
1 5  7.30000000004e-07
1 7  7.59999999989e-07
1 5  7.89000000001e-07
1 7  7.35000000002e-07
1 5  8.19000000013e-07
1 7  7.29000000005e-07
1 5  7.41999999998e-07
1 7  7.37000000001e-07
1 7  7.24999999979e-07
1 5  7.91999999999e-07
1 5  8.23000000011e-07
1 7  7.36000000001e-07
1 7  7.27000000006e-07
1 5  7.7200000001e-07
1 7  7.37000000001e-07
1 5  8.34000000005e-07
1 5  7.27000000006e-07
1 7  7.64000000014e-07
1 5  7.60000000016e-07
1 7  7.27000000006e-07
1 5  8.02000000022e-07
1 7  7.28000000005e-07
1 1  2.50200000002e-06
1 5  7.39999999999e-07
1 1  2.43799999999e-06
1 7  7.66000000013e-07
1 1  2.269e-06
1 7  7.28000000005e-07
1 5  7.80000000006e-07
1 5  7.49999999994e-07
1 1  2.39400000002e-06
1 7  7.34000000002e-07
1 5  7.47000000023e-07
1 7  7.30000000004e-07
1 1  2.634e-06
1 5  8.2500000001e-07
1 7  7.37000000001e-07
1 1  2.54899999999e-06
1 5  7.29000000005e-07
1 7  7.63000000015e-07
1 1  2.41499999998e-06
1 5  9.62999999965e-07
1 7  9.30999999982e-07
1 1  3.25899999998e-06
1 5  8.24999999982e-07
1 7  7.28000000005e-07
1 1  2.60400000002e-06
1 7  7.2000000001e-07
1 5  8.45000000027e-07
1 1  2.81899999999e-06
1 7  7.92999999999e-07
1 5  9.00999999998e-07
1 1  2.55299999996e-06
1 5  7.34000000002e-07
1 7  7.36999999973e-07
1 1  2.55600000004e-06
1 5  7.35000000029e-07
1 7  8.12999999988e-07
1 1  2.54599999999e-06
1 1  2.34900000001e-06
1 5  8.59999999991e-07
1 7  7.87000000002e-07
1 5  7.94000000026e-07
1 7  8.79999999981e-07
1 1  2.43599999999e-06
1 5  7.30000000004e-07
1 7  7.47000000023e-07
1 1  2.61600000001e-06
1 5  7.39999999999e-07
1 7  8.16999999986e-07
1 1  2.52900000003e-06
1 5  7.34000000002e-07
1 7  7.63000000015e-07
1 1  2.55199999999e-06
1 5  7.36000000001e-07
1 7  8.37000000031e-07
1 1  2.536e-06
1 5  7.39000000027e-07
1 7  8.38000000003e-07
1 1  2.49699999999e-06
1 5  7.69999999983e-07
1 7  7.71999999982e-07
1 1  2.55599999999e-06
1 5  8.37000000031e-07
1 7  7.60000000044e-07
1 1  2.54e-06
1 5  7.75000000008e-07
1 7  7.51999999993e-07
1 1  2.54399999999e-06
1 1  2.11999999999e-06
1 5  7.50999999966e-07
1 7  7.72000000038e-07
1 7  7.38e-07
1 5  8.47000000026e-07
1 1  2.587e-06
1 5  7.47000000023e-07
1 7  8.59999999991e-07
1 1  2.487e-06
1 5  7.41999999998e-07
1 7  7.94999999998e-07
1 1  2.50900000004e-06
1 5  7.29999999949e-07
1 7  7.7599999998e-07
1 1  2.58800000003e-06
1 5  7.38e-07
1 7  7.74000000037e-07
1 1  2.60000000002e-06
1 5  7.91999999972e-07
1 7  7.34999999974e-07
1 1  2.52900000003e-06
1 5  7.41999999998e-07
1 7  7.41999999998e-07
1 1  2.60000000002e-06
1 5  7.49999999994e-07
1 7  7.45000000024e-07
1 1  2.60199999996e-06
1 5  7.46999999968e-07
1 7  7.36999999973e-07
1 1  2.69599999997e-06
1 1  2.212e-06
1 5  7.36999999973e-07
1 7  7.41999999998e-07
1 7  8.10999999989e-07
1 5  7.37000000028e-07
1 1  2.534e-06
1 5  7.33000000031e-07
1 7  8.14000000016e-07
1 1  2.48399999997e-06
1 5  7.40999999971e-07
1 7  7.36999999973e-07
1 1  2.55100000002e-06
1 5  8.34000000005e-07
1 7  7.61000000016e-07
1 1  2.63100000003e-06
1 5  7.38e-07
1 7  7.36999999973e-07
1 1  2.51900000003e-06
1 5  7.47999999995e-07
1 7  7.5300000002e-07
1 1  2.53300000003e-06
1 5  7.40999999971e-07
1 7  7.38e-07
1 1  2.60800000002e-06
1 5  7.30000000004e-07
1 7  7.38e-07
1 1  1.04699999998e-06
1 5  7.28999999977e-07
1 7  7.89999999973e-07
1 1  9.90000000034e-07
1 1  7.87999999974e-07
1 5  7.49000000022e-07
1 7  7.54999999963e-07
1 7  7.2000000001e-07
1 5  7.93999999971e-07
1 1  9.79999999984e-07
1 5  9.17000000045e-07
1 7  7.63999999986e-07
1 1  1.07500000002e-06
1 5  8.68000000043e-07
1 7  8.51999999996e-07
1 1  1.00000000003e-06
1 7  7.24999999979e-07
1 5  7.91999999972e-07
1 1  1.07500000002e-06
1 7  7.24000000007e-07
1 5  7.49999999994e-07
1 1  9.6300000002e-07
1 5  7.31000000032e-07
1 7  7.41999999998e-07
1 1  9.62999999965e-07
1 5  7.4299999997e-07
1 7  8.30000000007e-07
1 1  9.61999999993e-07
1 5  7.37000000028e-07
1 7  7.43999999997e-07
1 1  9.67000000018e-07
1 5  8.91000000003e-07
1 7  7.49000000022e-07
1 1  1.02200000002e-06
1 7  7.28999999977e-07
1 1  7.63999999986e-07
1 5  7.47999999995e-07
1 5  7.54000000047e-07
1 7  7.39999999999e-07
1 1  1.054e-06
1 7  7.26000000006e-07
1 5  7.69999999983e-07
1 1  1.03499999998e-06
1 7  8.52999999967e-07
1 5  7.35000000029e-07
1 1  9.69000000017e-07
1 5  7.32000000003e-07
1 7  7.5799999999e-07
1 1  9.61999999993e-07
1 5  8.47999999998e-07
1 7  7.87000000002e-07
1 1  9.97000000003e-07
1 5  7.8600000003e-07
1 7  7.59000000017e-07
1 1  9.63999999992e-07
1 5  8.59999999991e-07
1 7  8.25000000038e-07
1 1  9.65000000019e-07
1 1  9.70000000045e-07
1 5  8.80000000036e-07
1 7  7.92000000027e-07
1 5  8.02000000022e-07
1 1  7.93999999971e-07
1 7  8.63999999989e-07
1 1  7.79999999978e-07
1 5  7.51999999993e-07
1 7  7.66999999957e-07
1 5  7.33000000031e-07
1 1  8.04000000021e-07
1 7  7.39999999999e-07
1 1  7.7599999998e-07
1 5  7.43000000025e-07
1 7  7.37000000028e-07
1 1  7.49999999994e-07
1 5  7.42000000054e-07
1 7  7.37000000028e-07
1 1  7.49999999994e-07
1 5  7.39000000027e-07
1 7  7.40999999971e-07
1 5  9.24999999985e-07
1 1  7.75000000008e-07
1 7  8.07999999963e-07
1 5  7.36999999973e-07
1 1  7.80000000034e-07
1 7  7.73999999981e-07
1 5  7.30999999976e-07
1 7  7.27000000034e-07
1 5  7.30999999976e-07
1 7  7.64999999958e-07
1 5  7.50000000049e-07
1 7  7.87000000002e-07
1 5  7.41999999998e-07
1 7  7.32000000003e-07
1 5  8.54999999966e-07
1 7  7.74999999953e-07
1 5  8.22000000011e-07
1 7  1.01400000002e-06
1 7  6.88999999998e-07
1 7  7.14999999984e-07
1 7  6.93999999968e-07
1 7  7.19999999954e-07
1 7  6.92999999996e-07
1 7  7.47999999995e-07
1 5  1.06999999999e-06
1 5  8.44e-07
1 5  8.95999999972e-07
1 5  9.42000000004e-07
1 5  1.02800000001e-06
1 5  9.11000000048e-07
1 5  8.63999999989e-07
1 5  7.69999999983e-07
1 5  7.85999999975e-07
1 5  7.99999999967e-07
1 5  9.26000000012e-07
1 5  9.12999999991e-07
1 5  9.59999999994e-07
1 5  9.10999999992e-07
1 5  9.1200000002e-07
1 5  9.48999999972e-07
1 5  8.87000000005e-07
1 5  7.06999999989e-07
1 5  7.32000000003e-07
1 5  9.04999999995e-07
1 5  9.00999999998e-07
1 5  9.11000000048e-07
1 5  9.12999999991e-07
1 5  9.79999999984e-07
1 4  8.78999999954e-07
1 5  1.00600000003e-06
1 4  8.28000000008e-07
1 5  1.06700000002e-06
1 4  8.45999999999e-07
1 5  1.13299999999e-06
1 5  9.42000000004e-07
1 4  1.08599999998e-06
1 5  7.27000000034e-07
1 4  1.03700000004e-06
1 5  9.28000000011e-07
1 4  1.03499999998e-06
1 5  1.04100000003e-06
1 4  9.91999999977e-07
1 5  9.84999999953e-07
1 4  9.80999999955e-07
1 5  1.007e-06
1 4  9.82999999954e-07
1 5  9.80000000039e-07
1 4  9.92000000033e-07
1 5  9.3499999998e-07
1 4  1.052e-06
1 5  9.3499999998e-07
1 4  1.101e-06
1 5  9.44000000003e-07
1 4  1.05500000003e-06
1 5  9.5e-07
1 4  1.06899999996e-06
1 5  7.41999999998e-07
1 4  7.96999999997e-07
1 5  1.15899999997e-06
1 4  9.95999999975e-07
1 5  9.40999999977e-07
1 4  1.00000000003e-06
1 5  1.03400000001e-06
1 4  1.01200000002e-06
1 5  9.28999999983e-07
1 4  1.003e-06
1 5  9.43000000031e-07
1 4  1.005e-06
1 5  9.41000000032e-07
1 4  1.07800000004e-06
1 5  9.44999999974e-07
1 4  9.99000000002e-07
1 5  8.42000000001e-07
1 4  9.51999999999e-07
1 5  7.12000000014e-07
1 4  9.59999999994e-07
1 7  1.04599999995e-06
1 5  7.27000000034e-07
1 4  7.96999999997e-07
1 7  8.06999999992e-07
1 5  9.79999999984e-07
1 4  1.001e-06
1 7  9.73999999987e-07
1 7  1.37e-06
1 4  7.04899999998e-06
1 7  7.75000000008e-07
1 4  9.38000000006e-07
1 5  9.94000000032e-07
1 4  7.53999999992e-07
1 7  7.79000000006e-07
1 5  9.99000000002e-07
1 7  7.73999999981e-07
1 5  1.01899999999e-06
1 4  9.83999999982e-07
1 5  1.07200000005e-06
1 4  9.97000000003e-07
1 7  1.08199999999e-06
1 5  1.03699999998e-06
1 7  1.009e-06
1 4  1.04200000001e-06
1 5  9.27000000039e-07
1 4  1.06700000002e-06
1 7  9.91000000006e-07
1 5  9.3499999998e-07
1 7  9.73999999987e-07
1 4  1.01200000002e-06
1 5  9.22999999986e-07
1 7  9.77000000013e-07
1 4  1.01699999999e-06
1 5  7.39999999999e-07
1 7  8.28000000008e-07
1 4  9.36999999979e-07
1 5  1.054e-06
1 4  1.02499999999e-06
1 7  9.6799999999e-07
1 5  1.01200000002e-06
1 7  1.048e-06
1 4  1.01300000005e-06
1 7  1.02700000004e-06
1 5  1.13499999999e-06
1 4  9.97999999974e-07
1 5  9.69999999989e-07
1 7  1.03200000001e-06
1 4  9.89000000007e-07
1 7  9.90000000034e-07
1 5  9.93000000005e-07
1 4  1.04300000003e-06
1 5  9.40000000005e-07
1 4  1.09999999998e-06
1 7  1.01699999999e-06
1 5  9.21000000043e-07
1 7  1.06e-06
1 4  1.00800000002e-06
1 5  9.32999999981e-07
1 7  1.052e-06
1 4  9.85000000009e-07
1 5  9.22000000014e-07
1 7  1.06599999999e-06
1 4  9.9099999995e-07
1 5  7.38e-07
1 4  7.79000000006e-07
1 7  8.07999999963e-07
1 5  9.57000000024e-07
1 4  9.84000000037e-07
1 7  9.85000000009e-07
1 5  9.5e-07
1 4  1.05700000003e-06
1 7  9.81999999983e-07
1 5  9.64000000048e-07
1 4  1.06999999999e-06
1 7  1.06699999997e-06
1 5  9.40000000005e-07
1 7  1.03200000001e-06
1 5  9.16999999989e-07
1 7  9.51999999999e-07
1 5  9.32000000009e-07
1 7  9.72000000043e-07
1 5  9.44000000003e-07
1 7  1.04200000001e-06
1 5  8.87999999977e-07
1 7  1.04700000003e-06
1 5  7.94999999998e-07
1 7  9.28999999983e-07
1 7  7.80000000034e-07
1 5  8.45000000027e-07
1 5  9.34000000008e-07
1 7  9.93000000005e-07
1 5  9.11999999964e-07
1 7  9.85000000009e-07
1 5  9.38999999978e-07
1 7  9.8300000001e-07
1 5  9.20999999987e-07
1 7  9.8300000001e-07
1 5  9.30999999982e-07
1 7  1.08100000001e-06
1 5  1.03000000001e-06
1 7  1.005e-06
1 5  9.54999999969e-07
1 7  1.06900000002e-06
1 5  1.046e-06
1 7  9.74999999959e-07
1 5  9.40000000005e-07
1 7  1.02800000001e-06
1 5  7.39999999999e-07
1 7  7.41999999998e-07
1 5  9.24000000013e-07
1 7  9.6300000002e-07
1 5  9.3499999998e-07
1 7  9.73999999987e-07
1 5  9.08000000022e-07
1 7  1.02399999996e-06
1 5  9.20999999987e-07
1 7  1.05700000003e-06
1 5  1.02299999999e-06
1 7  1.02899999999e-06
1 5  9.07999999966e-07
1 7  9.89000000007e-07
1 5  7.02000000019e-07
1 7  9.42000000004e-07
1 5  7.35000000029e-07
1 7  9.38000000006e-07
1 5  7.38e-07
1 7  9.27000000039e-07
1 5  7.32000000003e-07
1 7  7.32000000003e-07
1 5  7.02999999991e-07
1 7  1.046e-06
1 5  7.41999999998e-07
1 7  9.40000000005e-07
1 5  7.32999999975e-07
1 7  9.40000000005e-07
1 5  8.24999999982e-07
1 7  9.40000000005e-07
1 5  9.73000000015e-07
1 7  1.15499999997e-06
1 5  7.11999999958e-07
1 7  1.10600000003e-06
1 5  7.35000000085e-07
1 7  9.77999999985e-07
1 5  7.02000000019e-07
1 7  1.08200000004e-06
1 5  7.06999999989e-07
1 7  1.02899999999e-06
1 5  7.36999999917e-07
1 7  8.44999999972e-07
1 5  7.06999999989e-07
1 7  1.05900000003e-06
1 5  7.5799999999e-07
1 7  9.51999999943e-07
1 5  7.03999999963e-07
1 7  9.46999999973e-07
1 5  7.13000000041e-07
1 7  9.3000000001e-07
1 5  7.4800000005e-07
1 7  9.22999999986e-07
1 5  7.38999999972e-07
1 7  7.34999999974e-07
1 5  8.24999999982e-07
1 7  8.69999999931e-07
1 5  7.37000000028e-07
1 7  8.04999999993e-07
1 5  7.40000000055e-07
1 7  8.57000000076e-07
1 5  8.33000000089e-07
1 7  7.22000000009e-07
1 5  7.45000000024e-07
1 7  7.72000000038e-07
1 5  7.64999999903e-07
1 7  7.26999999978e-07
1 7  7.77000000007e-07
1 5  7.41999999998e-07
1 5  7.32000000059e-07
1 7  7.38999999972e-07
1 5  7.34000000002e-07
1 7  7.38999999972e-07
1 5  7.89000000001e-07
1 7  7.64000000042e-07
1 6  2.62499999992e-06
1 5  8.71999999985e-07
1 6  2.11400000005e-06
1 7  8.40999999974e-07
1 7  7.34999999974e-07
1 5  8.2899999998e-07
1 6  2.55100000002e-06
1 5  7.28999999922e-07
1 7  7.65000000014e-07
1 6  2.62500000003e-06
1 5  7.41999999998e-07
1 6  2.42899999991e-06
1 7  7.44999999913e-07
1 5  7.54999999963e-07
1 7  7.27000000089e-07
1 6  2.56099999996e-06
1 7  7.40999999915e-07
1 5  7.69999999983e-07
1 6  2.49600000002e-06
1 7  7.28999999922e-07
1 5  7.40000000055e-07
1 6  2.5549999999e-06
1 5  8.37999999947e-07
1 7  7.36999999917e-07
1 6  2.49200000002e-06
1 5  7.29000000033e-07
1 7  7.70000000094e-07
1 6  2.55799999993e-06
1 5  8.28000000008e-07
1 7  7.65999999985e-07
1 6  2.50000000002e-06
1 5  7.40000000055e-07
1 7  7.64999999903e-07
1 6  2.57700000006e-06
1 5  8.00000000023e-07
1 7  7.62999999959e-07
1 6  2.64700000008e-06
1 5  7.4800000005e-07
1 7  7.38999999972e-07
1 6  2.52900000008e-06
1 5  7.46999999968e-07
1 7  7.67999999929e-07
1 6  2.57800000003e-06
1 7  7.26999999978e-07
1 5  7.73999999981e-07
1 6  2.56300000001e-06
1 5  7.25000000035e-07
1 7  7.37000000028e-07
1 6  2.54700000002e-06
1 5  7.31999999948e-07
1 7  7.32000000059e-07
1 6  2.55800000004e-06
1 5  7.84000000031e-07
1 7  7.25000000035e-07
1 6  2.66199999999e-06
1 5  7.34999999974e-07
1 7  7.33000000031e-07
1 6  2.55199999999e-06
1 5  7.34000000002e-07
1 7  7.33000000031e-07
1 6  2.55599999999e-06
1 5  7.37000000028e-07
1 7  7.39000000083e-07
1 6  2.54900000007e-06
1 5  7.24999999924e-07
1 7  7.69000000012e-07
1 6  2.55400000004e-06
1 5  7.26999999978e-07
1 7  7.38e-07
1 6  2.481e-06
1 5  7.43000000081e-07
1 6  2.27699999999e-06
1 7  7.34000000002e-07
1 5  7.38e-07
1 7  8.52999999967e-07
1 6  2.56099999996e-06
1 7  7.75000000064e-07
1 5  7.74999999953e-07
1 6  2.477e-06
1 5  8.21999999956e-07
1 7  7.67000000068e-07
1 6  2.575e-06
1 5  7.41999999998e-07
1 7  7.31999999948e-07
1 6  2.39199999996e-06
1 5  7.38e-07
1 7  7.38e-07
1 6  2.51200000001e-06
1 7  8.4900000008e-07
1 5  7.45000000024e-07
1 6  2.45700000001e-06
1 7  7.93999999971e-07
1 5  7.49999999994e-07
1 6  2.51700000009e-06
1 7  7.38e-07
1 5  7.73000000009e-07
1 6  2.56399999998e-06
1 5  7.95000000053e-07
1 7  7.90999999944e-07
1 6  2.58399999997e-06
1 6  2.18399999996e-06
1 7  7.45000000024e-07
1 5  8.21999999956e-07
1 5  7.32000000059e-07
1 7  7.38e-07
1 6  2.48300000005e-06
1 5  7.38999999972e-07
1 7  7.81000000005e-07
1 6  2.58600000003e-06
1 5  7.38999999972e-07
1 7  7.79999999923e-07
1 6  2.56199999993e-06
1 5  7.36999999917e-07
1 7  7.47999999939e-07
1 6  2.57400000003e-06
1 5  7.45000000024e-07
1 7  7.6800000004e-07
1 6  2.51399999995e-06
1 5  7.26999999978e-07
1 7  7.37000000028e-07
1 6  2.38099999994e-06
1 5  7.32999999919e-07
1 7  7.6800000004e-07
1 6  2.56900000006e-06
1 5  7.40999999915e-07
1 7  7.35999999946e-07
1 6  1.03000000007e-06
1 7  7.26999999978e-07
1 5  7.41999999998e-07
1 6  1.04600000006e-06
1 7  7.30000000004e-07
1 6  8.41000000085e-07
1 5  7.4800000005e-07
1 5  7.45000000024e-07
1 7  7.52999999909e-07
1 6  9.66999999963e-07
1 5  7.37000000028e-07
1 7  7.36999999917e-07
1 6  9.86999999952e-07
1 5  7.41000000026e-07
1 7  8.36000000004e-07
1 6  9.88000000035e-07
1 5  7.35000000085e-07
1 7  7.26999999978e-07
1 6  9.52999999915e-07
1 5  7.40000000055e-07
1 7  7.45000000024e-07
1 6  1.02499999999e-06
1 7  7.19000000093e-07
1 5  7.37000000028e-07
1 6  9.64999999908e-07
1 5  7.21000000037e-07
1 7  7.30000000004e-07
1 6  9.94999999948e-07
1 2  1.02700000004e-06
1 5  7.89000000001e-07
1 2  9.57000000024e-07
1 7  9.44000000058e-07
1 6  9.7599999993e-07
1 5  7.46999999968e-07
1 7  7.9899999994e-07
1 2  9.27000000095e-07
1 6  9.6000000005e-07
1 7  7.37000000028e-07
1 6  7.92000000027e-07
1 5  8.8999999992e-07
1 2  7.49999999994e-07
1 5  7.41999999998e-07
1 7  7.44000000052e-07
1 2  9.1999999996e-07
1 6  1.00699999994e-06
1 5  7.34000000002e-07
1 7  7.25000000035e-07
1 6  9.47000000084e-07
1 2  9.52999999915e-07
1 5  7.41000000026e-07
1 7  7.29000000033e-07
1 6  9.77000000013e-07
1 2  9.5500000008e-07
1 5  8.12000000017e-07
1 7  7.33000000031e-07
1 2  9.26999999984e-07
1 6  1.08499999996e-06
1 7  7.15000000096e-07
1 5  7.34999999974e-07
1 6  1.056e-06
1 2  9.50999999971e-07
1 5  7.45000000024e-07
1 7  7.36999999917e-07
1 2  1.048e-06
1 6  1.04700000003e-06
1 7  7.2299999998e-07
1 5  7.38e-07
1 6  1.04400000001e-06
1 2  9.82000000094e-07
1 6  7.86999999947e-07
1 5  7.45000000024e-07
1 7  7.96000000025e-07
1 2  9.57000000024e-07
1 5  7.36999999917e-07
1 7  7.30000000004e-07
1 6  8.25999999954e-07
1 2  1.06300000002e-06
1 2  7.5799999999e-07
1 5  7.44000000052e-07
1 6  7.5300000002e-07
1 7  7.92000000027e-07
1 5  7.32000000059e-07
1 7  7.73999999981e-07
1 6  8.1399999996e-07
1 2  9.10999999992e-07
1 7  7.30000000004e-07
1 5  7.94999999942e-07
1 6  9.89000000007e-07
1 2  9.84000000037e-07
1 6  7.61000000016e-07
1 7  7.57000000018e-07
1 5  7.37000000028e-07
1 2  1.01099999994e-06
1 5  7.52000000048e-07
1 7  7.51999999937e-07
1 6  9.19000000099e-07
1 2  9.94999999948e-07
1 6  7.54999999963e-07
1 5  7.5300000002e-07
1 7  7.64000000042e-07
1 2  1.01099999994e-06
1 6  7.5799999999e-07
1 5  8.52999999967e-07
1 7  7.5799999999e-07
1 2  9.61000000022e-07
1 5  7.47000000079e-07
1 7  7.20999999926e-07
1 6  8.0399999991e-07
1 2  9.48999999917e-07
1 5  7.28999999922e-07
1 7  7.60000000044e-07
1 6  7.53999999992e-07
1 2  1.13700000004e-06
1 5  7.30000000004e-07
1 6  7.55000000074e-07
1 7  8.01999999966e-07
1 2  9.61999999993e-07
1 2  7.34999999974e-07
1 7  1.056e-06
1 5  7.41000000026e-07
1 6  7.64000000042e-07
1 5  8.01999999966e-07
1 7  8.84999999951e-07
1 6  7.65000000014e-07
1 2  9.57000000024e-07
1 6  9.1999999996e-07
1 7  1.00999999997e-06
1 5  8.59999999991e-07
1 2  1.06700000002e-06
1 6  7.53999999992e-07
1 7  7.62999999959e-07
1 5  7.89999999973e-07
1 2  1.00599999997e-06
1 5  7.41000000026e-07
1 7  8.32000000006e-07
1 6  7.65000000014e-07
1 2  9.32000000065e-07
1 5  1.03699999998e-06
1 6  9.93000000005e-07
1 7  1.08900000007e-06
1 2  1.115e-06
1 7  8.32999999978e-07
1 6  8.64999999961e-07
1 5  9.83999999926e-07
1 2  1.005e-06
1 7  8.12999999988e-07
1 5  7.69000000012e-07
1 6  8.47999999998e-07
1 2  1.02299999993e-06
1 5  7.92999999999e-07
1 7  7.77000000007e-07
1 6  8.1899999993e-07
1 2  1.04000000001e-06
1 5  7.31999999948e-07
1 6  7.57000000018e-07
1 7  7.61000000016e-07
1 2  1.01499999994e-06
1 7  7.38999999972e-07
1 6  7.57000000018e-07
1 5  7.85999999975e-07
1 2  9.48999999917e-07
1 7  7.66999999957e-07
1 5  8.91000000003e-07
1 6  7.49999999994e-07
1 2  1.07500000002e-06
1 7  7.29000000033e-07
1 6  7.93999999971e-07
1 5  8.45999999943e-07
1 0  9.97000000003e-07
1 2  9.89999999979e-07
1 7  9.42000000004e-07
1 5  7.94999999942e-07
1 6  8.88999999948e-07
1 0  8.91999999975e-07
1 2  9.69000000017e-07
1 5  7.36000000057e-07
1 6  7.55999999935e-07
1 0  8.76999999955e-07
1 7  7.46999999968e-07
1 2  1.03399999996e-06
1 7  7.37000000028e-07
1 5  7.43999999941e-07
1 2  9.53999999997e-07
1 0  9.69999999989e-07
1 5  8.14000000071e-07
1 7  7.88000000029e-07
1 0  9.46000000002e-07
1 2  9.63999999937e-07
1 7  8.42000000056e-07
1 5  7.35999999946e-07
1 2  9.93999999976e-07
1 0  1.04199999995e-06
1 7  7.2299999998e-07
1 5  8.04999999993e-07
1 0  9.22000000014e-07
1 2  1.07799999993e-06
1 7  7.25000000035e-07
1 5  8.2899999998e-07
1 2  9.67999999935e-07
1 0  1.06499999997e-06
1 2  7.36000000057e-07
1 0  8.95000000001e-07
1 7  7.72000000038e-07
1 5  8.00000000023e-07
1 5  7.69000000012e-07
1 7  7.95999999914e-07
1 2  9.18000000016e-07
1 0  9.74999999959e-07
1 5  7.29999999893e-07
1 7  7.61999999987e-07
1 0  9.38000000006e-07
1 2  1.04499999998e-06
1 5  8.16999999986e-07
1 7  7.73000000009e-07
1 0  9.4500000003e-07
1 2  9.69000000017e-07
1 5  7.79999999923e-07
1 7  7.36000000057e-07
1 0  9.7599999993e-07
1 2  9.5e-07
1 7  7.18000000011e-07
1 5  8.29999999952e-07
1 2  9.29000000038e-07
1 0  1.06799999999e-06
1 5  7.33000000031e-07
1 7  7.26000000006e-07
1 0  1.02499999999e-06
1 2  9.3499999998e-07
1 5  7.32999999919e-07
1 7  7.30000000004e-07
1 0  9.29999999899e-07
1 2  1.06499999997e-06
1 5  7.87999999918e-07
1 7  7.56000000046e-07
1 2  9.13000000047e-07
1 0  9.92000000033e-07
1 7  7.22000000009e-07
1 5  7.4299999997e-07
1 0  9.5e-07
1 2  9.67000000074e-07
1 2  7.72000000038e-07
1 7  7.87999999918e-07
1 0  8.2899999998e-07
1 5  7.86999999947e-07
1 5  7.31999999948e-07
1 7  7.66999999957e-07
1 2  9.77000000013e-07
1 0  9.65999999991e-07
1 5  7.32000000059e-07
1 7  7.60000000044e-07
1 0  9.3499999998e-07
1 2  9.53999999997e-07
1 5  7.34000000002e-07
1 7  7.2299999998e-07
1 0  1.03500000004e-06
1 2  1.00199999997e-06
1 5  7.33000000031e-07
1 7  7.34000000002e-07
1 0  1.04499999998e-06
1 2  1.10200000003e-06
1 7  7.26000000006e-07
1 5  7.43999999941e-07
1 0  1.00700000005e-06
1 2  9.50999999971e-07
1 5  7.30000000004e-07
1 7  7.30999999976e-07
1 0  9.31999999954e-07
1 2  9.52000000054e-07
1 5  7.30000000004e-07
1 7  7.34999999974e-07
1 0  9.33000000036e-07
1 2  9.57000000024e-07
1 5  7.69999999983e-07
1 7  7.2799999995e-07
1 2  7.78999999951e-07
1 0  9.3499999998e-07
1 5  7.34999999974e-07
1 2  7.61999999987e-07
1 7  7.35999999946e-07
1 0  9.93000000005e-07
1 2  8.20000000012e-07
1 5  8.27000000037e-07
1 0  7.60999999905e-07
1 7  7.36999999917e-07
1 5  7.91000000055e-07
1 2  7.55000000074e-07
1 7  7.85999999975e-07
1 0  8.12999999988e-07
1 0  7.45000000024e-07
1 2  8.16999999986e-07
1 7  8.44999999972e-07
1 5  7.52000000048e-07
1 5  7.84000000031e-07
1 7  8.24999999982e-07
1 2  7.88000000029e-07
1 0  1.05400000006e-06
1 2  7.38999999972e-07
1 5  7.45000000024e-07
1 7  7.32000000059e-07
1 0  9.86999999952e-07
1 2  7.31999999948e-07
1 5  7.41999999998e-07
1 0  9.27999999956e-07
1 5  7.42000000109e-07
1 2  7.49999999994e-07
1 0  9.42000000004e-07
1 2  7.27000000089e-07
1 5  7.51999999937e-07
1 0  9.24999999929e-07
1 5  7.5300000002e-07
1 2  7.57000000018e-07
1 0  9.86999999952e-07
1 5  7.46999999968e-07
1 2  7.44000000052e-07
1 0  9.36999999923e-07
1 2  7.47000000079e-07
1 5  7.50999999966e-07
1 0  7.69000000012e-07
1 5  8.34000000061e-07
1 2  7.93999999971e-07
1 0  1.005e-06
1 5  7.61999999987e-07
1 2  7.78999999951e-07
1 0  9.86999999952e-07
1 2  1.17700000002e-06
1 5  7.54999999963e-07
1 2  7.91000000055e-07
1 0  9.1499999999e-07
1 2  8.24999999982e-07
1 5  7.87000000058e-07
1 0  9.7500000007e-07
1 2  8.73999999929e-07
1 5  7.54999999963e-07
1 0  9.30999999982e-07
1 2  8.00000000023e-07
1 5  8.35000000032e-07
1 0  9.16999999934e-07
1 2  7.66999999957e-07
1 5  7.69000000012e-07
1 5  7.52000000048e-07
1 2  7.46999999968e-07
1 5  7.30000000004e-07
1 2  7.46999999968e-07
1 5  8.55000000022e-07
1 2  8.10000000073e-07
1 5  7.28000000061e-07
1 2  8.43000000028e-07
1 5  8.43000000028e-07
1 2  7.89000000001e-07
1 5  7.80999999894e-07
1 2  7.74999999953e-07
1 5  8.67999999987e-07
1 2  7.28999999922e-07
1 5  7.41999999998e-07
1 2  8.10000000073e-07
1 2  7.35999999946e-07
1 5  7.52000000048e-07
1 2  7.26000000006e-07
1 5  7.69000000012e-07
1 5  7.71999999927e-07
1 2  7.4299999997e-07
1 5  7.45999999996e-07
1 2  7.94999999942e-07
1 5  7.34000000002e-07
1 2  7.50999999966e-07
1 5  7.25000000035e-07
1 2  7.57000000018e-07
1 5  7.37000000028e-07
1 2  7.52000000048e-07
1 5  8.15000000043e-07
1 2  7.38999999972e-07
1 5  8.16999999986e-07
1 2  8.12999999988e-07
1 5  9.06999999994e-07
1 2  7.47000000079e-07
1 5  7.31999999948e-07
1 2  7.48999999911e-07
1 5  7.38999999972e-07
1 2  8.79999999981e-07
1 2  7.38e-07
1 5  7.45000000024e-07
1 5  7.89999999973e-07
1 2  7.48999999911e-07
1 5  8.38000000059e-07
1 2  7.39000000083e-07
1 2  7.40000000055e-07
1 5  7.37000000028e-07
1 5  7.69999999983e-07
1 2  7.73000000009e-07
1 5  7.26000000006e-07
1 2  7.37000000028e-07
1 5  7.72000000038e-07
1 2  7.86000000086e-07
1 5  7.40000000055e-07
1 2  7.54999999963e-07
1 5  7.99000000051e-07
1 2  7.57000000018e-07
1 5  7.35000000085e-07
1 2  7.40000000055e-07
1 5  7.31999999948e-07
1 2  7.46999999968e-07
1 5  7.29000000033e-07
1 2  7.52000000048e-07
1 5  7.96999999997e-07
1 2  7.54999999963e-07
1 2  7.37000000028e-07
1 5  7.44999999913e-07
1 5  7.29000000033e-07
1 2  7.99999999912e-07
1 3  1.02800000001e-06
1 5  7.34999999974e-07
1 3  9.93000000005e-07
1 2  7.51999999937e-07
1 5  7.34999999974e-07
1 2  7.45000000024e-07
1 3  1.09999999998e-06
1 5  8.3900000003e-07
1 2  7.49999999994e-07
1 3  1.07000000005e-06
1 5  7.30000000004e-07
1 2  7.86000000086e-07
1 3  9.93000000005e-07
1 5  7.25999999895e-07
1 2  7.50999999966e-07
1 3  9.17000000045e-07
1 5  7.31999999948e-07
1 2  7.44000000052e-07
1 3  9.99999999918e-07
1 2  1.48300000002e-06
1 5  7.28000000061e-07
1 2  8.89000000059e-07
1 3  1.13000000002e-06
1 5  7.37000000028e-07
1 3  8.20000000012e-07
1 2  7.82999999949e-07
1 5  7.32000000059e-07
1 2  7.47999999939e-07
1 3  9.26000000012e-07
1 5  7.69999999983e-07
1 2  7.72000000038e-07
1 3  9.7500000007e-07
1 5  7.64000000042e-07
1 2  7.69999999983e-07
1 3  1.009e-06
1 5  8.83000000007e-07
1 2  8.18000000069e-07
1 3  1.06e-06
1 2  1.07700000007e-06
1 5  9.80000000039e-07
1 3  1.17199999994e-06
1 5  7.90999999944e-07
1 2  7.46999999968e-07
1 3  9.3499999998e-07
1 5  8.15000000043e-07
1 2  7.89000000001e-07
1 3  9.26000000012e-07
1 5  9.17000000045e-07
1 2  7.38999999972e-07
1 3  9.56000000052e-07
1 5  8.30000000063e-07
1 2  7.47000000079e-07
1 3  9.2500000004e-07
1 5  8.51999999996e-07
1 3  7.54999999963e-07
1 2  8.32000000006e-07
1 5  7.38e-07
1 2  8.29999999952e-07
1 3  1.052e-06
1 5  8.30000000063e-07
1 2  7.43999999941e-07
1 3  9.1499999999e-07
1 5  7.34999999974e-07
1 2  7.46999999968e-07
1 3  9.42000000004e-07
1 5  7.97999999969e-07
1 2  7.94000000082e-07
1 3  9.31000000093e-07
1 5  7.8300000006e-07
1 2  7.77000000007e-07
1 3  9.22000000014e-07
1 2  7.30999999976e-07
1 5  7.47999999939e-07
1 3  9.14000000019e-07
1 5  7.65000000014e-07
1 2  7.70000000094e-07
1 3  9.64000000048e-07
1 5  7.44999999913e-07
1 2  7.4800000005e-07
1 3  1.00299999994e-06
1 2  7.41999999998e-07
1 5  7.90000000084e-07
1 3  9.53000000026e-07
1 5  8.00999999995e-07
1 3  7.61999999987e-07
1 2  7.40999999915e-07
1 7  1.13499999999e-06
1 2  8.57000000076e-07
1 5  8.04000000021e-07
1 7  9.62999999965e-07
1 3  1.08200000004e-06
1 2  8.13000000099e-07
1 5  7.45000000024e-07
1 3  1.00199999997e-06
1 7  1.00700000005e-06
1 5  7.09999999904e-07
1 7  9.86000000092e-07
1 3  9.69000000017e-07
1 5  7.06999999989e-07
1 7  1.01200000002e-06
1 3  9.4000000006e-07
1 4  1.01699999999e-06
1 5  7.46999999968e-07
1 4  8.24999999982e-07
1 7  1.07599999999e-06
1 5  8.05999999964e-07
1 7  1.03499999993e-06
1 4  1.00199999997e-06
1 5  7.52000000048e-07
1 7  1.00700000005e-06
1 4  9.89999999979e-07
1 5  6.98999999993e-07
1 7  9.42000000004e-07
1 4  9.89999999979e-07
1 5  7.06999999989e-07
1 7  9.51999999943e-07
1 4  1.00199999997e-06
1 5  7.31999999948e-07
1 7  8.22000000067e-07
1 4  8.00000000023e-07
1 5  7.37000000028e-07
1 7  9.5e-07
1 4  1.00399999992e-06
1 5  7.11999999958e-07
1 7  9.73999999987e-07
1 4  1.0949999999e-06
1 5  6.99999999965e-07
1 7  1.052e-06
1 4  1.009e-06
1 5  7.86999999947e-07
1 1  9.61999999993e-07
1 7  9.72000000043e-07
1 4  1.00300000005e-06
1 1  8.20000000012e-07
1 5  8.27000000037e-07
1 7  1.08100000007e-06
1 4  1.00199999997e-06
1 5  7.85000000003e-07
1 1  8.51999999996e-07
1 7  9.57999999995e-07
1 4  9.91000000061e-07
1 1  7.94000000082e-07
1 5  7.75000000064e-07
1 7  9.66999999963e-07
1 4  1.00600000008e-06
1 5  7.26999999978e-07
1 7  9.77000000013e-07
1 1  1.01799999996e-06
1 4  1.0210000001e-06
1 5  7.00999999936e-07
1 7  1.01000000008e-06
1 4  1.10100000006e-06
1 1  1.09100000001e-06
1 5  8.16999999986e-07
1 7  7.59999999933e-07
1 1  8.79000000009e-07
1 4  8.63999999989e-07
1 5  7.74999999953e-07
1 7  9.99999999918e-07
1 1  9.91999999922e-07
1 4  1.07100000002e-06
1 5  8.34999999921e-07
1 7  1.07599999999e-06
1 4  9.93000000005e-07
1 1  1.02499999999e-06
1 5  7.52000000048e-07
1 7  1.01500000005e-06
1 1  1.09699999995e-06
1 4  1.03900000004e-06
1 5  7.96999999997e-07
1 7  9.4500000003e-07
1 1  9.93000000005e-07
1 4  1.001e-06
1 5  7.11999999958e-07
1 7  9.56000000052e-07
1 4  1.00000000003e-06
1 1  1.005e-06
1 5  7.02999999991e-07
1 7  1.00199999997e-06
1 4  1.01799999996e-06
1 1  1.02199999996e-06
1 5  8.2400000001e-07
1 7  9.63999999937e-07
1 1  1.05400000006e-06
1 4  1.01799999996e-06
1 5  7.02000000019e-07
1 7  9.33000000036e-07
1 4  1.10899999994e-06
1 1  1.10399999997e-06
1 5  7.03999999963e-07
1 7  1.05000000006e-06
1 1  1.04499999998e-06
1 4  1.00200000008e-06
1 5  7.43000000081e-07
1 1  8.84999999951e-07
1 4  8.04999999993e-07
1 7  7.46999999968e-07
1 5  7.92999999999e-07
1 1  9.81999999983e-07
1 4  1.08399999998e-06
1 7  9.85999999981e-07
1 5  8.04999999993e-07
1 1  9.65000000019e-07
1 7  1.00999999997e-06
1 4  1.005e-06
1 5  7.69999999983e-07
1 1  9.58999999967e-07
1 4  1.03499999993e-06
1 7  9.89999999979e-07
1 5  7.14999999984e-07
1 7  9.53000000026e-07
1 1  9.94999999948e-07
1 4  9.89999999979e-07
1 5  7.38999999972e-07
1 7  9.30999999982e-07
1 1  9.97000000003e-07
1 4  1.08899999995e-06
1 5  7.11999999958e-07
1 1  9.94999999948e-07
1 4  9.91999999922e-07
1 7  1.00800000002e-06
1 5  7.070000001e-07
1 1  9.61000000022e-07
1 4  9.89000000007e-07
1 7  1.00400000003e-06
1 5  7.06999999989e-07
1 1  9.53999999997e-07
1 7  9.69000000017e-07
1 4  1.02000000002e-06
1 5  7.06999999989e-07
1 1  1.06000000011e-06
1 4  9.99999999918e-07
1 7  1.03200000001e-06
1 5  8.32999999978e-07
1 7  7.94000000082e-07
1 1  8.30000000063e-07
1 4  8.22000000067e-07
1 5  7.43999999941e-07
1 4  1.00300000005e-06
1 7  9.93999999976e-07
1 1  1.07100000002e-06
1 5  7.5799999999e-07
1 4  1.05299999997e-06
1 7  1.009e-06
1 1  1.05000000006e-06
1 5  6.99999999965e-07
1 7  9.46000000002e-07
1 1  1.00199999997e-06
1 4  1.04099999998e-06
1 5  7.09000000043e-07
1 7  1.03499999993e-06
1 4  9.92000000033e-07
1 1  1.13599999996e-06
1 5  7.51999999937e-07
1 4  9.5e-07
1 1  1.01500000005e-06
1 7  9.44999999919e-07
1 5  7.81999999977e-07
1 1  8.20000000012e-07
1 7  8.37999999947e-07
1 4  8.27000000037e-07
1 5  9.50000000111e-07
1 7  7.30999999976e-07
1 1  8.06999999936e-07
1 4  7.73000000009e-07
1 5  8.03000000049e-07
1 4  9.42000000004e-07
1 1  1.01899999994e-06
1 7  1.02200000007e-06
1 5  7.13999999902e-07
1 1  9.69000000017e-07
1 7  9.96000000031e-07
1 4  1.01299999999e-06
1 5  7.40000000055e-07
1 1  8.12999999988e-07
1 7  9.00000000081e-07
1 4  8.75000000011e-07
1 5  7.45000000024e-07
1 4  9.93000000005e-07
1 1  1.05299999997e-06
1 7  1.01499999994e-06
1 5  7.01000000047e-07
1 7  9.57999999995e-07
1 4  1.03600000001e-06
1 1  1.01400000008e-06
1 5  7.08000000071e-07
1 7  9.98000000085e-07
1 4  9.88000000035e-07
1 1  1.02599999996e-06
1 5  7.02000000019e-07
1 7  1.04499999998e-06
1 1  1.05800000005e-06
1 4  9.92000000033e-07
1 5  7.02999999991e-07
1 7  9.91999999922e-07
1 4  9.89000000007e-07
1 1  1.01400000008e-06
1 5  8.00999999995e-07
1 7  9.57000000024e-07
1 4  9.77999999985e-07
1 1  1.00200000008e-06
1 5  7.45000000024e-07
1 1  9.69999999989e-07
1 7  9.94999999948e-07
1 4  1.07499999991e-06
1 5  6.9799999991e-07
1 1  1.02199999996e-06
1 4  1.00699999994e-06
1 7  1.04199999995e-06
1 5  7.03999999963e-07
1 1  9.60999999911e-07
1 4  1.05500000003e-06
1 7  1.02499999999e-06
1 0  1.12400000007e-06
1 5  7.38e-07
1 1  7.86999999947e-07
1 0  7.82999999949e-07
1 4  9.34000000008e-07
1 7  8.56999999965e-07
1 5  7.41999999998e-07
1 4  9.72000000043e-07
1 7  1.07900000001e-06
1 0  1.00400000003e-06
1 1  9.97000000003e-07
1 5  7.08000000071e-07
1 1  9.85000000009e-07
1 7  9.92000000033e-07
1 0  9.65000000019e-07
1 4  1.03800000006e-06
1 5  7.47000000079e-07
1 1  1.00700000005e-06
1 0  1.064e-06
1 4  9.96999999892e-07
1 7  9.57999999995e-07
1 5  8.34000000061e-07
1 1  9.61999999993e-07
1 7  9.84000000037e-07
1 0  1.00400000003e-06
1 4  1.01999999991e-06
1 5  7.37000000028e-07
1 1  1.02999999996e-06
1 4  1.07000000005e-06
1 0  1.14399999995e-06
1 7  1.01399999997e-06
1 5  7.04999999934e-07
1 0  9.46999999973e-07
1 1  1.01399999997e-06
1 7  1.005e-06
1 4  1.16699999997e-06
1 5  7.13000000041e-07
1 0  9.43999999947e-07
1 1  1.00400000003e-06
1 4  1.05900000003e-06
1 7  9.92000000033e-07
1 5  6.99999999965e-07
1 7  9.51999999943e-07
1 4  9.89000000007e-07
1 1  1.00599999997e-06
1 0  1.02200000007e-06
1 5  6.98999999993e-07
1 1  1.02599999996e-06
1 0  1.02499999999e-06
1 4  1.06999999994e-06
1 7  1.04300000003e-06
1 5  7.47999999939e-07
1 7  8.12000000017e-07
1 4  8.61999999935e-07
1 0  1.03200000001e-06
1 1  8.45999999943e-07
1 5  7.43999999941e-07
1 1  9.68999999906e-07
1 7  9.82999999954e-07
1 4  1.00400000003e-06
1 5  8.16999999986e-07
1 7  9.48000000056e-07
1 1  9.95000000059e-07
1 4  1.00800000002e-06
1 5  7.11999999958e-07
1 7  1.00699999994e-06
1 4  1.01699999999e-06
1 1  1.09400000003e-06
1 5  7.00000000076e-07
1 7  9.92000000033e-07
1 1  1.01299999999e-06
1 4  1.00999999997e-06
1 5  7.34999999974e-07
1 1  1.01200000002e-06
1 7  9.91000000061e-07
1 4  1.02199999996e-06
1 5  7.41999999998e-07
1 7  7.69999999983e-07
1 1  9.93999999976e-07
1 4  1.07999999999e-06
1 5  7.34999999974e-07
1 7  8.68999999959e-07
1 4  9.5500000008e-07
1 1  1.10199999992e-06
1 5  7.49999999994e-07
1 7  7.91000000055e-07
1 1  1.06e-06
1 4  1.01899999994e-06
1 5  7.45000000024e-07
1 7  7.30000000004e-07
1 1  1.02700000004e-06
1 4  1.02499999999e-06
1 7  7.96000000025e-07
1 5  7.96999999997e-07
1 1  7.89999999973e-07
1 4  8.04999999993e-07
1 5  7.87000000058e-07
1 7  7.71000000066e-07
1 1  1.05399999994e-06
1 4  9.97000000003e-07
1 5  8.749999999e-07
1 7  8.90000000031e-07
1 1  1.34600000001e-06
1 4  9.69000000017e-07
1 1  8.22e-06
1 5  7.49000000022e-07
1 7  7.80000000034e-07
1 1  8.49999999941e-07
1 4  1.00700000005e-06
1 5  7.41999999998e-07
1 7  7.33000000031e-07
1 4  1.03200000001e-06
1 5  7.96999999997e-07
1 7  7.86999999947e-07
1 4  9.82000000094e-07
1 7  1.01699999999e-06
1 5  9.62000000104e-07
1 4  1.15200000006e-06
1 5  7.45999999996e-07
1 4  9.10999999992e-07
1 7  8.73000000068e-07
1 5  8.50000000052e-07
1 7  7.59000000072e-07
1 4  7.82999999949e-07
1 5  7.45000000024e-07
1 4  8.86000000033e-07
1 7  7.49000000022e-07
1 7  7.81000000005e-07
1 5  8.67000000015e-07
1 4  7.89000000001e-07
1 5  7.32999999919e-07
1 4  7.5300000002e-07
1 7  8.17999999958e-07
1 5  8.04999999993e-07
1 4  7.49000000022e-07
1 7  7.4299999997e-07
1 7  8.3900000003e-07
1 4  7.90999999944e-07
1 4  7.45000000024e-07
1 7  7.86999999947e-07
1 7  7.32000000059e-07
1 4  7.58999999961e-07
1 7  7.5799999999e-07
1 4  7.65999999985e-07
1 4  7.6300000007e-07
1 7  7.50999999966e-07
1 7  7.28000000061e-07
1 4  7.93999999971e-07
1 7  8.12999999988e-07
1 4  7.46999999968e-07
1 7  7.30999999976e-07
1 4  8.01999999966e-07
1 7  7.89999999973e-07
1 4  8.98000000027e-07
1 7  6.90000000025e-07
1 7  6.98000000021e-07
1 7  7.06999999989e-07
1 7  7.39999999944e-07
1 7  7.0799999996e-07
1 7  7.10000000015e-07
1 7  6.94999999995e-07
1 7  7.12000000069e-07
1 7  7.27000000089e-07
1 7  7.04999999934e-07
1 7  6.95999999967e-07
1 7  6.99999999965e-07
1 7  7.34000000002e-07
1 7  6.98999999993e-07
1 7  6.98999999993e-07
1 7  6.94999999995e-07
1 7  7.30000000004e-07
1 7  6.94999999995e-07
1 7  7.31000000087e-07
1 7  6.97000000049e-07
1 7  6.97000000049e-07
1 7  7.35000000085e-07
1 7  7.08000000071e-07
1 7  7.30000000004e-07
1 7  6.96999999938e-07
1 7  7.95000000053e-07
1 7  6.87999999971e-07
1 7  7.53999999992e-07
1 7  7.37000000028e-07
1 7  7.30999999976e-07
1 7  7.65999999985e-07
1 7  8.36000000004e-07
1 7  7.05000000045e-07
1 7  7.30999999976e-07
1 7  6.99999999965e-07
1 7  7.00000000076e-07
1 7  6.87999999971e-07
1 7  6.9200000008e-07
1 7  7.31000000087e-07
1 7  6.98000000021e-07
1 7  6.97000000049e-07
1 7  6.96000000078e-07
1 7  7.32000000059e-07
1 7  6.94999999995e-07
1 7  6.94999999995e-07
1 7  6.94000000023e-07
1 7  7.38999999972e-07
1 7  6.90000000025e-07
1 7  7.40000000055e-07
1 7  6.90999999997e-07
1 7  6.91999999969e-07
1 7  7.2799999995e-07
1 7  6.93999999912e-07
1 7  7.30000000004e-07
1 7  6.92999999941e-07
1 7  6.94000000023e-07
1 7  6.98000000021e-07
1 7  6.96000000078e-07
1 7  7.40000000055e-07
1 7  7.39999999944e-07
1 7  7.25000000035e-07
1 7  6.9200000008e-07
1 7  6.99999999965e-07
1 7  7.33000000031e-07
1 7  6.91999999969e-07
1 7  7.11999999958e-07
1 7  6.94999999995e-07
1 7  6.89999999914e-07
1 7  7.44000000052e-07
1 7  6.94000000023e-07
1 7  6.93000000052e-07
1 7  6.90999999997e-07
1 7  7.43999999941e-07
1 7  6.91999999969e-07
1 7  7.04999999934e-07
1 7  6.94999999995e-07
1 7  8.10999999934e-07
1 7  7.41999999998e-07
1 7  7.31000000087e-07
1 4  1.02999999996e-06
1 4  7.51999999937e-07
1 4  9.3000000001e-07
1 4  9.38999999978e-07
1 4  9.30999999982e-07
1 4  9.2500000004e-07
1 4  7.8399999992e-07
1 4  9.59999999939e-07
1 4  1.04899999998e-06
1 4  9.64000000048e-07
1 4  9.27999999956e-07
1 4  1.04700000003e-06
1 4  8.96999999944e-07
1 4  9.04000000079e-07
1 4  9.2500000004e-07
1 4  1.03900000004e-06
1 4  7.47999999939e-07
1 4  9.52999999915e-07
1 4  9.29000000038e-07
1 4  9.40999999921e-07
1 4  9.11999999964e-07
1 4  9.57999999995e-07
1 4  1.00999999997e-06
1 4  9.86000000092e-07
1 4  9.39999999949e-07
1 4  9.26999999984e-07
1 4  7.57000000018e-07
1 4  1.01600000002e-06
1 4  9.13999999907e-07
1 4  9.1999999996e-07
1 4  9.47000000084e-07
1 4  1.04199999995e-06
1 4  9.44000000058e-07
1 4  9.24000000069e-07
1 4  9.1499999999e-07
1 4  9.65999999991e-07
1 4  7.50999999966e-07
1 4  9.73000000015e-07
1 4  9.22000000014e-07
1 4  9.53000000026e-07
1 4  9.46999999973e-07
1 4  1.001e-06
1 4  9.17000000045e-07
1 4  9.34000000008e-07
1 4  1.06e-06
1 4  9.24000000069e-07
1 4  8.12999999988e-07
1 4  9.49000000028e-07
1 4  9.87000000063e-07
1 0  8.29999999952e-07
1 4  1.09700000006e-06
1 0  1.13000000002e-06
1 0  7.74999999953e-07
1 4  1.01000000008e-06
1 0  7.32999999919e-07
1 4  9.5e-07
1 0  9.93999999976e-07
1 4  1.09800000003e-06
1 0  7.57000000018e-07
1 4  1.04700000003e-06
1 4  9.93000000005e-07
1 4  9.63000000076e-07
1 4  8.96000000083e-07
1 4  1.00700000005e-06
1 4  1.00700000005e-06
1 4  9.3499999998e-07
1 4  1.00000000003e-06
1 4  8.80000000092e-07
1 4  7.13000000041e-07
1 4  7.10000000015e-07
1 4  9.54999999969e-07
1 4  9.1499999999e-07
1 4  9.00000000081e-07
1 4  1.06200000005e-06
1 4  9.18000000016e-07
1 4  9.6000000005e-07
1 4  9.91000000061e-07
1 4  9.53000000026e-07
1 4  9.31999999954e-07
1 4  9.14000000019e-07
1 4  1.00999999997e-06
1 4  9.73000000015e-07
1 4  7.51000000077e-07
1 4  9.22000000014e-07
1 4  9.24999999929e-07
1 4  9.17000000045e-07
1 4  9.26999999984e-07
1 4  1.05400000006e-06
1 4  7.6800000004e-07
1 4  7.14999999984e-07
1 4  7.54999999963e-07
1 4  7.14999999984e-07
1 4  7.56000000046e-07
1 4  7.25999999895e-07
1 4  7.4299999997e-07
1 4  7.0799999996e-07
1 4  7.54999999963e-07
1 4  7.13000000041e-07
1 4  7.2299999998e-07
1 4  7.20000000065e-07
1 4  7.14000000013e-07
1 4  7.10000000015e-07
1 4  7.66999999957e-07
1 4  7.51999999937e-07
1 4  7.10000000015e-07
1 4  1.58800000005e-06
1 4  7.73000000009e-07
1 4  7.51999999937e-07
1 4  7.72000000038e-07
1 4  7.14999999984e-07
1 4  7.10999999987e-07
1 4  7.77999999979e-07
1 4  7.18999999982e-07
1 4  7.61999999987e-07
1 4  7.57000000018e-07
1 4  7.14999999984e-07
1 4  7.19000000093e-07
1 4  8.14999999932e-07
1 4  8.48999999969e-07
1 4  7.26999999978e-07
1 4  7.45000000024e-07
1 4  7.69999999983e-07
1 4  7.11999999958e-07
1 4  7.55000000074e-07
1 4  7.30000000004e-07
1 4  7.22000000009e-07
1 4  7.50999999966e-07
1 4  8.07000000047e-07
1 4  7.30000000004e-07
1 4  7.14999999984e-07
1 4  7.25000000035e-07
1 4  7.17000000039e-07
1 4  7.2299999998e-07
1 4  7.62999999959e-07
1 4  7.60000000044e-07
1 4  7.2299999998e-07
1 4  7.18000000011e-07
1 0  1.07599999999e-06
1 0  7.57000000018e-07
1 4  7.60000000044e-07
1 4  8.47000000026e-07
1 0  7.52000000048e-07
1 4  8.08999999991e-07
1 0  9.82000000094e-07
1 4  7.11999999958e-07
1 0  1.00199999997e-06
1 4  7.19000000093e-07
1 0  9.39000000089e-07
1 4  7.10000000015e-07
1 0  9.5e-07
1 4  7.91999999916e-07
1 0  7.95999999914e-07
1 4  7.26999999978e-07
1 0  9.35999999951e-07
1 4  7.18999999982e-07
1 0  9.30999999982e-07
1 4  7.2299999998e-07
1 0  9.69999999989e-07
1 4  7.19999999954e-07
1 0  1.03200000001e-06
1 4  8.14999999932e-07
1 0  9.14000000019e-07
1 4  8.05999999964e-07
1 0  9.24000000069e-07
1 4  7.96000000025e-07
1 0  9.39999999949e-07
1 4  7.22000000009e-07
1 0  9.27999999956e-07
1 4  7.20999999926e-07
1 0  9.5e-07
1 4  7.46999999968e-07
1 0  7.94999999942e-07
1 4  7.22000000009e-07
1 0  9.97000000003e-07
1 4  7.21999999898e-07
1 0  9.33000000036e-07
1 4  7.52000000048e-07
1 0  9.48000000056e-07
1 4  7.6800000004e-07
1 0  9.57000000024e-07
1 4  9.02000000025e-07
1 0  9.38999999978e-07
1 4  9.32000000065e-07
1 0  1.11000000014e-06
1 4  8.01000000106e-07
1 0  1.03200000012e-06
1 4  8.75000000011e-07
1 0  1.03699999987e-06
1 4  7.17000000039e-07
1 0  9.73999999987e-07
1 0  8.44000000111e-07
1 4  8.04999999993e-07
1 4  8.04000000132e-07
1 0  1.11700000005e-06
1 4  8.00000000023e-07
1 0  9.30999999982e-07
1 4  8.30000000063e-07
1 0  9.4000000006e-07
1 4  8.15000000154e-07
1 0  9.1999999996e-07
1 4  7.53999999992e-07
1 0  9.42000000004e-07
1 4  8.47000000137e-07
1 0  9.7500000007e-07
1 4  7.29000000144e-07
1 0  1.00200000008e-06
1 4  7.52000000048e-07
1 0  9.59999999939e-07
1 4  8.12000000128e-07
1 0  9.26999999873e-07
1 4  8.22000000067e-07
1 0  8.12000000128e-07
1 4  7.0799999996e-07
1 0  9.21999999903e-07
1 4  7.65999999874e-07
1 0  9.32999999925e-07
1 4  7.19999999843e-07
1 0  9.34000000008e-07
1 4  7.20999999926e-07
1 0  1.02000000002e-06
1 4  7.55000000074e-07
1 0  9.37000000034e-07
1 4  7.19000000204e-07
1 0  1.02299999982e-06
1 4  7.71999999927e-07
1 0  9.24999999929e-07
1 4  7.1299999993e-07
1 0  9.32000000065e-07
1 4  7.15000000096e-07
1 0  9.34999999869e-07
1 4  7.52000000048e-07
1 0  7.63999999931e-07
1 4  7.30000000004e-07
1 0  1.07000000016e-06
1 4  7.16999999817e-07
1 0  1.03400000007e-06
1 4  7.12000000069e-07
1 0  9.53999999886e-07
1 4  7.65000000014e-07
1 0  9.78000000096e-07
1 4  7.19999999843e-07
1 0  9.20000000182e-07
1 4  7.58000000101e-07
1 0  9.35000000091e-07
1 4  7.1299999993e-07
1 0  9.34000000008e-07
1 4  8.04000000132e-07
1 0  9.16999999934e-07
1 4  7.24999999813e-07
1 0  9.31999999843e-07
1 4  7.92000000027e-07
1 0  8.81999999924e-07
1 4  7.71999999927e-07
1 0  7.71999999927e-07
1 0  8.01999999966e-07
1 4  7.59999999822e-07
1 4  8.06999999936e-07
1 0  9.23999999847e-07
1 4  8.00000000023e-07
1 0  9.26000000012e-07
1 4  9.21999999903e-07
1 0  9.17000000156e-07
1 4  7.21000000148e-07
1 0  9.16999999934e-07
1 4  7.179999999e-07
1 0  9.34999999869e-07
1 4  7.21999999787e-07
1 0  9.86999999952e-07
1 4  7.10000000126e-07
1 0  9.97000000114e-07
1 4  7.54000000214e-07
1 0  8.06000000075e-07
1 4  7.19999999843e-07
1 0  9.22999999986e-07
1 7  1.21700000011e-06
1 4  7.61000000127e-07
1 7  9.05999999912e-07
1 0  9.27000000095e-07
1 4  9.06999999994e-07
1 0  9.59999999939e-07
1 7  1.00200000008e-06
1 7  1.57199999995e-06
1 4  8.46999999915e-07
1 7  7.6800000004e-07
1 0  9.51999999943e-07
1 7  7.75000000175e-07
1 4  9.13999999907e-07
1 0  9.27999999956e-07
1 4  7.14000000013e-07
1 0  1.02000000002e-06
1 7  1.0800000001e-06
1 4  7.18999999982e-07
1 7  9.54999999969e-07
1 0  9.80000000039e-07
1 4  7.20000000065e-07
1 7  1.04200000006e-06
1 0  1.06e-06
1 4  7.22000000009e-07
1 7  9.46999999973e-07
1 0  9.64000000048e-07
1 7  7.39000000083e-07
1 0  8.12999999988e-07
1 4  8.42000000167e-07
1 4  7.17000000039e-07
1 0  9.22000000125e-07
1 7  9.99999999918e-07
1 4  8.65000000072e-07
1 7  9.69999999878e-07
1 0  9.56000000052e-07
1 4  7.18999999982e-07
1 7  1.06e-06
1 0  9.65999999991e-07
1 4  8.41999999945e-07
1 7  9.48999999917e-07
1 0  9.59999999939e-07
1 4  7.21000000148e-07
1 7  9.57000000135e-07
1 0  1.04399999978e-06
1 4  7.50999999966e-07
1 0  8.09999999962e-07
1 7  9.54999999969e-07
1 4  7.55000000074e-07
1 0  7.95000000053e-07
1 7  9.59000000078e-07
1 4  7.9800000008e-07
1 0  8.01999999966e-07
1 7  9.65999999991e-07
1 4  7.52999999909e-07
1 0  7.9800000008e-07
1 7  1.0319999999e-06
1 7  7.39999999944e-07
1 4  8.2400000001e-07
1 0  7.84000000031e-07
1 4  9.03999999968e-07
1 0  9.06999999994e-07
1 7  9.37000000034e-07
1 4  8.20000000123e-07
1 0  7.95000000053e-07
1 7  1.04499999987e-06
1 4  7.64000000153e-07
1 0  7.52000000048e-07
1 7  1.06e-06
1 4  7.57000000018e-07
1 0  8.5900000002e-07
1 7  1.09500000001e-06
1 4  9.10000000021e-07
1 0  7.51999999826e-07
1 7  9.88000000035e-07
1 4  7.61000000127e-07
1 0  7.52000000048e-07
1 7  9.7599999993e-07
1 0  8.85000000173e-07
1 4  7.61999999987e-07
1 7  9.81999999983e-07
1 4  7.57000000018e-07
1 0  7.80999999783e-07
1 7  9.7500000007e-07
1 4  8.47999999998e-07
1 0  8.94000000029e-07
1 7  1.06999999994e-06
1 7  7.44000000052e-07
1 4  7.87999999918e-07
1 0  7.9300000011e-07
1 0  7.57000000018e-07
1 4  8.03000000049e-07
1 7  9.4000000006e-07
1 4  7.52000000048e-07
1 0  7.9899999994e-07
1 7  1.07000000016e-06
1 0  7.52000000048e-07
1 4  7.67000000179e-07
1 7  9.7500000007e-07
1 0  7.44999999913e-07
1 4  7.70999999844e-07
1 7  9.49000000139e-07
1 0  7.39000000083e-07
1 4  8.22000000067e-07
1 7  9.96999999892e-07
1 4  7.57999999879e-07
1 0  7.94999999831e-07
1 7  9.92000000144e-07
1 0  7.44999999913e-07
1 4  8.10999999823e-07
1 7  1.12500000005e-06
1 4  7.59000000183e-07
1 0  7.89000000001e-07
1 7  9.83000000065e-07
1 0  7.9899999994e-07
1 4  8.06999999936e-07
1 7  9.97999999974e-07
1 7  8.9499999989e-07
1 4  7.89000000001e-07
1 0  7.90000000084e-07
1 4  7.62999999848e-07
1 0  7.77999999979e-07
1 7  1.05899999991e-06
1 4  7.51999999826e-07
1 0  7.90999999944e-07
1 7  9.64999999908e-07
1 4  7.54999999852e-07
1 0  7.53999999992e-07
1 7  9.56999999913e-07
1 4  7.69999999983e-07
1 0  7.90000000084e-07
1 7  9.81999999983e-07
1 4  7.49999999883e-07
1 0  7.57000000018e-07
1 7  1.09500000001e-06
1 4  8.57999999937e-07
1 0  7.61999999987e-07
1 7  9.82000000205e-07
1 4  8.83000000007e-07
1 0  7.84000000031e-07
1 7  1.00200000008e-06
1 4  8.38000000059e-07
1 0  7.6800000004e-07
1 7  1.02800000001e-06
1 4  7.59000000183e-07
1 0  8.17000000097e-07
1 7  9.81999999983e-07
1 7  7.52999999909e-07
1 4  7.94000000193e-07
1 0  8.02000000188e-07
1 4  7.4299999997e-07
1 0  7.93999999971e-07
1 7  9.51999999943e-07
1 4  7.54999999852e-07
1 0  7.79999999923e-07
1 7  9.91999999922e-07
1 0  8.32000000006e-07
1 4  8.11999999906e-07
1 7  1.05399999994e-06
1 4  8.71999999985e-07
1 0  7.93999999971e-07
1 7  9.81999999983e-07
1 4  7.66999999957e-07
1 0  7.89000000001e-07
1 7  1.00500000011e-06
1 4  7.60999999905e-07
1 0  8.89000000059e-07
1 7  1.05599999989e-06
1 4  9.69000000017e-07
1 0  1.02199999996e-06
1 7  1.17300000002e-06
1 0  7.51999999826e-07
1 4  8.76999999955e-07
1 7  1.06900000008e-06
1 4  7.51999999826e-07
1 0  7.9899999994e-07
1 7  1.05699999997e-06
1 7  8.34000000172e-07
1 4  9.35999999951e-07
1 0  7.79000000062e-07
1 4  8.22000000067e-07
1 0  7.80999999783e-07
1 7  1.06699999991e-06
1 4  8.60999999963e-07
1 0  7.77999999979e-07
1 7  1.04099999998e-06
1 4  7.57999999879e-07
1 0  7.6300000007e-07
1 7  1.20400000014e-06
1 4  7.65000000014e-07
1 0  8.5400000005e-07
1 7  1.03399999984e-06
1 4  8.62999999907e-07
1 0  9.08999999938e-07
1 7  9.91999999922e-07
1 4  8.12000000128e-07
1 0  8.11999999906e-07
1 7  1.00700000005e-06
1 4  7.57999999879e-07
1 0  7.84999999892e-07
1 7  9.81999999983e-07
1 7  8.2300000015e-07
1 4  8.54999999911e-07
1 0  8.14999999932e-07
1 4  8.35000000032e-07
1 7  7.44000000052e-07
1 0  8.00000000023e-07
1 4  8.54999999911e-07
1 7  8.70000000042e-07
1 0  9.30000000121e-07
1 7  7.87999999918e-07
1 0  1.0399999999e-06
1 4  8.14999999932e-07
1 4  7.55999999935e-07
1 7  7.34999999974e-07
1 0  7.77999999979e-07
1 4  7.95000000053e-07
1 7  8.20999999984e-07
1 0  7.79999999923e-07
1 7  7.34999999974e-07
1 4  7.64000000153e-07
1 0  7.84000000031e-07
1 4  7.49999999883e-07
1 0  7.82000000088e-07
1 7  7.79999999923e-07
1 0  7.50000000105e-07
1 4  8.16999999875e-07
1 7  8.11000000045e-07
1 4  7.94999999831e-07
1 0  7.84000000031e-07
1 7  8.06000000075e-07
1 4  8.57000000076e-07
1 0  8.02000000188e-07
1 7  9.05000000051e-07
1 4  7.58999999961e-07
1 7  8.46999999915e-07
1 0  7.49000000022e-07
1 4  8.02000000188e-07
1 7  8.19000000041e-07
1 0  8.14000000071e-07
1 0  7.52000000048e-07
1 4  8.12000000128e-07
1 7  8.38999999919e-07
1 0  7.49000000022e-07
1 4  7.71999999927e-07
1 7  7.75000000175e-07
1 4  7.66999999957e-07
1 7  7.81000000005e-07
1 0  7.93999999971e-07
1 0  7.52999999909e-07
1 4  7.90000000084e-07
1 7  7.69999999983e-07
1 0  8.17000000097e-07
1 7  8.35000000032e-07
1 4  7.53999999992e-07
1 4  8.19999999901e-07
1 0  8.81000000064e-07
1 7  8.10000000184e-07
1 7  7.45999999996e-07
1 0  7.74999999953e-07
1 4  8.25000000093e-07
1 6  1.24000000001e-06
1 4  7.9800000008e-07
1 6  9.2599999979e-07
1 7  7.90000000084e-07
1 0  8.17000000097e-07
1 0  7.52999999909e-07
1 4  8.11000000045e-07
1 7  8.06999999936e-07
1 6  9.62999999965e-07
1 6  7.72999999787e-07
1 0  7.96999999997e-07
1 7  8.43000000028e-07
1 4  7.9300000011e-07
1 4  7.65000000014e-07
1 7  8.75000000011e-07
1 0  9.0400000019e-07
1 6  9.62000000104e-07
1 7  7.34999999974e-07
1 0  8.30999999923e-07
1 4  9.72000000043e-07
1 6  1.02000000002e-06
1 4  7.59999999822e-07
1 0  7.72999999787e-07
1 7  7.37000000139e-07
1 6  1.00699999983e-06
1 7  7.55000000074e-07
1 0  7.50000000105e-07
1 4  9.02000000025e-07
1 6  9.93000000005e-07
1 7  8.52000000107e-07
1 0  7.49000000022e-07
1 4  8.04000000132e-07
1 6  1.02699999993e-06
1 4  8.08999999879e-07
1 7  7.87000000058e-07
1 0  8.40000000002e-07
1 6  9.97999999974e-07
1 0  7.36999999917e-07
1 4  8.09000000102e-07
1 7  7.44000000052e-07
1 6  1.04700000003e-06
1 7  8.49999999941e-07
1 4  8.18999999819e-07
1 0  7.55999999935e-07
1 6  1.00200000008e-06
1 4  7.55000000074e-07
1 7  7.37000000139e-07
1 0  7.38999999861e-07
1 6  1.00400000003e-06
1 4  8.13999999849e-07
1 7  7.30999999865e-07
1 6  7.69999999983e-07
1 0  7.60000000044e-07
1 4  7.63999999931e-07
1 0  7.87999999918e-07
1 7  7.79999999923e-07
1 6  1.0490000002e-06
1 4  8.04999999993e-07
1 7  7.82999999949e-07
1 0  8.75000000011e-07
1 6  1.08599999993e-06
1 0  7.55000000074e-07
1 4  8.30000000063e-07
1 7  7.39999999944e-07
1 6  1.01200000002e-06
1 6  1.40700000006e-06
1 4  7.81999999866e-07
1 7  8.41999999945e-07
1 6  8.55000000133e-07
1 0  8.60000000102e-07
1 4  7.58999999961e-07
1 7  7.86999999836e-07
1 0  8.00000000023e-07
1 6  9.00000000081e-07
1 6  8.00999999884e-07
1 4  8.65000000072e-07
1 0  7.65999999874e-07
1 7  8.73000000068e-07
1 0  7.39999999944e-07
1 6  7.79999999923e-07
1 4  7.6300000007e-07
1 7  8.14000000071e-07
1 0  7.44000000052e-07
1 4  8.35000000032e-07
1 7  9.08000000077e-07
1 6  7.70000000205e-07
1 0  7.55000000074e-07
1 4  7.60000000044e-07
1 6  7.60000000044e-07
1 7  8.04999999993e-07
1 7  7.44999999913e-07
1 6  7.84999999892e-07
1 4  7.58999999961e-07
1 0  7.4399999983e-07
1 4  8.11999999906e-07
1 0  8.44999999972e-07
1 7  8.27000000037e-07
1 6  1.04199999984e-06
1 7  7.84000000031e-07
1 4  8.57999999937e-07
1 0  8.03000000049e-07
1 6  9.700000001e-07
1 7  7.34000000113e-07
1 0  8.04000000132e-07
1 4  8.15000000154e-07
1 6  9.94999999948e-07
1 7  7.87000000058e-07
1 4  9.45999999891e-07
1 0  7.52000000048e-07
1 6  1.02000000002e-06
1 4  7.65000000014e-07
1 0  8.00000000023e-07
1 7  7.44999999913e-07
1 6  9.20999999821e-07
1 6  8.42000000167e-07
1 4  7.95000000053e-07
1 0  8.32000000006e-07
1 7  7.99000000162e-07
1 0  8.11000000045e-07
1 7  8.16999999875e-07
1 4  9.05000000051e-07
1 6  1.01600000013e-06
1 0  8.19000000041e-07
1 7  7.71000000066e-07
1 4  9.47000000195e-07
1 6  1.01300000011e-06
1 4  7.77000000118e-07
1 7  7.75000000175e-07
1 0  8.24999999871e-07
1 6  1.06900000008e-06
1 4  7.60000000044e-07
1 7  8.98999999999e-07
1 6  8.58999999798e-07
1 0  7.92000000027e-07
1 7  8.07000000158e-07
1 0  7.65000000014e-07
1 4  7.46999999857e-07
1 6  1.009e-06
1 4  9.67000000074e-07
1 0  7.97999999858e-07
1 7  7.9800000008e-07
1 1  9.64000000048e-07
1 6  1.01200000002e-06
1 1  8.22000000067e-07
1 4  7.76999999896e-07
1 7  8.28000000119e-07
1 0  7.9300000011e-07
1 6  1.07299999996e-06
1 0  7.489999998e-07
1 7  7.77999999979e-07
1 4  7.61000000127e-07
1 6  9.77000000013e-07
1 1  1.06799999999e-06
1 4  7.92000000027e-07
1 0  8.62000000046e-07
1 7  7.47000000079e-07
1 1  9.7500000007e-07
1 6  1.01799999985e-06
1 4  8.55999999994e-07
1 7  7.48000000161e-07
1 0  8.07000000158e-07
1 1  1.00799999991e-06
1 6  1.02199999996e-06
1 7  7.34000000113e-07
1 4  8.71000000124e-07
1 0  8.38000000059e-07
1 6  1.00199999986e-06
1 1  1.10999999992e-06
1 7  7.39000000083e-07
1 0  8.08000000019e-07
1 4  8.54999999911e-07
1 6  9.89000000118e-07
1 1  1.04499999987e-06
1 4  7.60000000044e-07
1 0  7.60999999905e-07
1 7  7.7399999987e-07
1 6  1.03099999982e-06
1 1  1.22599999997e-06
1 6  7.79999999923e-07
1 1  7.70999999844e-07
1 7  9.61999999882e-07
1 4  8.2400000001e-07
1 0  8.19000000041e-07
1 0  7.52000000048e-07
1 4  7.66999999957e-07
1 7  7.89000000001e-07
1 6  9.48000000056e-07
1 1  9.96999999892e-07
1 4  7.61999999987e-07
1 7  8.21999999845e-07
1 0  8.19999999901e-07
1 6  1.09299999984e-06
1 1  1.00700000005e-06
1 4  8.41999999945e-07
1 0  7.49000000022e-07
1 7  7.45999999996e-07
1 6  1.05900000014e-06
1 1  1.02000000002e-06
1 4  7.61999999987e-07
1 0  8.63999999989e-07
1 7  7.77000000118e-07
1 1  9.78000000096e-07
1 6  1.17099999986e-06
1 7  8.07000000158e-07
1 0  7.59000000183e-07
1 4  8.08999999879e-07
1 6  1.04899999998e-06
1 1  1.05100000014e-06
1 4  9.58999999856e-07
1 7  9.08999999938e-07
1 0  9.03000000108e-07
1 6  9.89999999979e-07
1 1  1.09500000001e-06
1 4  7.57000000018e-07
1 0  8.40999999863e-07
1 7  8.12000000128e-07
1 6  1.001e-06
1 1  1.07400000005e-06
1 4  8.32999999867e-07
1 7  8.73000000068e-07
1 0  8.56999999854e-07
1 6  1.02199999996e-06
1 1  1.10600000003e-06
1 4  7.50999999966e-07
1 0  7.60000000044e-07
1 7  7.45999999996e-07
1 6  9.86999999952e-07
1 1  1.01500000005e-06
1 1  7.58999999961e-07
1 6  8.60000000102e-07
1 4  8.60999999963e-07
1 0  7.79000000062e-07
1 7  8.19999999901e-07
1 4  7.61999999987e-07
1 7  7.95000000053e-07
1 0  8.05999999853e-07
1 1  1.009e-06
1 6  1.10499999995e-06
1 4  7.54999999852e-07
1 0  7.55000000074e-07
1 7  8.1800000018e-07
1 6  9.9500000017e-07
1 1  9.93000000005e-07
1 0  7.51000000188e-07
1 4  7.65000000014e-07
1 7  7.96000000136e-07
1 6  1.10799999997e-06
1 1  1.02000000002e-06
1 4  7.61999999987e-07
1 7  7.79999999923e-07
1 0  8.15000000154e-07
1 6  9.89999999979e-07
1 1  1.00299999994e-06
1 7  7.31999999948e-07
1 4  8.44999999972e-07
1 0  7.52999999909e-07
1 6  1.06799999999e-06
1 1  1.15799999989e-06
1 0  7.55000000074e-07
1 7  7.33999999891e-07
1 4  7.90000000084e-07
1 6  1.00800000014e-06
1 1  1.11499999988e-06
1 0  7.42000000109e-07
1 4  7.67999999818e-07
1 7  8.11000000045e-07
1 1  1.05000000006e-06
1 6  9.81000000122e-07
1 4  7.68999999901e-07
1 0  7.86999999836e-07
1 7  8.14999999932e-07
1 6  1.08499999985e-06
1 1  9.98999999835e-07
1 0  7.50999999966e-07
1 4  9.93000000005e-07
1 7  8.12000000128e-07
1 1  1.00200000008e-06
1 6  1.06e-06
1 4  7.58999999961e-07
1 7  7.52000000048e-07
1 1  8.21999999845e-07
1 6  9.48999999917e-07
1 0  7.61999999987e-07
1 0  7.32999999808e-07
1 7  7.9300000011e-07
1 4  8.86000000033e-07
1 6  1.00000000014e-06
1 1  1.05000000006e-06
1 7  7.34999999974e-07
1 0  8.45999999832e-07
1 4  8.36999999976e-07
1 6  1.02699999993e-06
1 1  1.03100000004e-06
1 4  7.66999999957e-07
1 7  7.92000000027e-07
1 0  8.3499999981e-07
1 6  9.59999999939e-07
1 1  1.06e-06
1 4  7.74999999953e-07
1 0  7.89999999862e-07
1 7  8.41999999945e-07
1 1  1.00000000014e-06
1 6  1.01200000002e-06
1 7  7.6800000004e-07
1 4  8.64000000211e-07
1 0  7.66999999957e-07
1 6  9.67000000074e-07
1 1  1.00500000011e-06
1 7  7.44000000052e-07
1 4  8.01999999966e-07
1 0  7.45999999996e-07
1 6  9.93999999865e-07
1 1  9.94000000087e-07
1 4  9.1499999999e-07
1 7  9.81999999983e-07
1 0  1.06199999994e-06
1 6  1.18699999985e-06
1 1  1.12900000016e-06
1 4  9.54999999969e-07
1 0  7.53000000131e-07
1 7  8.20000000123e-07
1 6  1.06600000005e-06
1 1  1.00400000003e-06
1 7  7.45000000135e-07
1 0  7.48000000161e-07
1 4  7.81999999866e-07
1 6  1.06499999997e-06
1 1  1.08999999981e-06
1 6  8.25000000093e-07
1 1  8.65000000072e-07
1 7  8.24999999871e-07
1 4  8.14999999932e-07
1 0  8.81999999924e-07
1 4  8.83000000007e-07
1 7  8.18999999819e-07
1 0  7.57999999879e-07
1 1  9.73000000126e-07
1 6  1.10199999992e-06
1 4  7.66999999957e-07
1 7  8.9499999989e-07
1 0  7.55000000074e-07
1 6  1.06699999991e-06
1 1  1.05500000003e-06
1 4  7.53999999992e-07
1 0  7.55000000074e-07
1 7  7.39999999944e-07
1 1  9.78999999957e-07
1 6  1.03800000018e-06
1 7  7.38e-07
1 4  8.2400000001e-07
1 0  7.64000000153e-07
1 6  1.06600000005e-06
1 1  1.009e-06
1 4  7.82999999949e-07
1 0  7.61999999987e-07
1 7  8.34000000172e-07
1 1  9.94999999948e-07
1 6  1.05900000014e-06
1 4  7.65000000014e-07
1 7  8.11999999906e-07
1 0  7.60000000044e-07
1 1  9.59999999939e-07
1 6  1.14200000012e-06
1 7  7.39999999944e-07
1 4  8.24999999871e-07
1 0  7.6800000004e-07
1 6  1.10600000003e-06
1 1  1.06899999985e-06
1 4  7.69000000123e-07
1 7  7.53999999992e-07
1 0  7.72000000149e-07
1 1  1.12500000005e-06
1 6  1.00200000008e-06
1 0  7.49000000022e-07
1 7  7.36999999917e-07
1 4  8.51999999885e-07
1 6  9.73999999987e-07
1 1  1.06600000005e-06
1 6  7.96999999997e-07
1 1  8.46999999915e-07
1 4  8.12000000128e-07
1 7  7.72000000149e-07
1 0  7.52000000048e-07
1 7  7.38999999861e-07
1 4  7.57000000018e-07
1 0  7.49999999883e-07
1 6  9.81999999983e-07
1 1  9.88000000035e-07
1 0  7.45999999996e-07
1 4  7.55000000074e-07
1 7  7.82999999949e-07
1 6  9.7599999993e-07
1 1  1.00400000003e-06
1 4  7.53000000131e-07
1 7  7.86000000197e-07
1 0  8.73999999929e-07
1 1  9.77000000013e-07
1 6  1.08200000004e-06
1 4  9.08999999938e-07
1 0  8.55999999994e-07
1 7  8.41999999945e-07
1 6  1.06799999999e-06
1 1  1.00599999997e-06
1 7  8.58000000159e-07
1 0  8.30000000063e-07
1 4  7.62999999848e-07
1 6  1.08300000012e-06
1 1  1.13199999996e-06
1 0  7.49000000022e-07
1 4  7.71999999927e-07
1 7  7.41999999887e-07
1 1  9.98999999835e-07
1 7  7.4299999997e-07
1 4  8.74000000151e-07
1 0  7.50999999966e-07
1 1  1.00700000005e-06
1 0  7.45999999996e-07
1 4  7.65000000014e-07
1 1  1.01200000002e-06
1 0  7.48000000161e-07
1 4  7.62999999848e-07
1 1  9.83000000065e-07
1 1  7.6800000004e-07
1 4  7.57000000018e-07
1 0  7.9800000008e-07
1 0  7.60000000044e-07
1 4  8.52999999967e-07
1 1  9.73000000126e-07
1 4  8.19999999901e-07
1 0  7.58999999961e-07
1 1  9.57999999995e-07
1 4  7.51000000188e-07
1 0  7.49999999883e-07
1 1  1.02000000002e-06
1 4  7.60999999905e-07
1 0  7.52000000048e-07
1 1  9.57000000135e-07
1 4  7.72000000149e-07
1 0  7.52000000048e-07
1 1  1.04899999998e-06
1 1  8.5900000002e-07
1 4  7.55999999935e-07
1 0  7.53999999992e-07
1 4  9.86999999952e-07
1 0  8.14000000071e-07
1 1  8.73999999929e-07
1 1  7.57000000018e-07
1 4  7.91999999805e-07
1 0  8.16999999875e-07
1 1  7.57000000018e-07
1 4  8.68999999959e-07
1 0  7.49000000022e-07
1 0  7.40999999804e-07
1 1  7.56999999796e-07
1 4  7.61999999987e-07
1 4  7.76999999896e-07
1 0  7.60000000044e-07
1 0  7.9899999994e-07
1 4  7.64000000153e-07
1 0  7.52000000048e-07
1 4  7.59000000183e-07
1 3  1.08499999985e-06
1 4  7.58000000101e-07
1 3  8.79999999981e-07
1 0  7.50000000105e-07
1 4  7.52000000048e-07
1 0  7.52000000048e-07
1 3  1.03600000001e-06
1 0  7.39999999944e-07
1 4  8.65000000072e-07
1 3  1.00599999997e-06
1 4  8.36999999976e-07
1 0  7.57000000018e-07
1 3  9.48999999917e-07
1 4  7.67000000179e-07
1 0  7.84000000031e-07
1 3  9.4000000006e-07
1 0  7.59000000183e-07
1 4  7.6800000004e-07
1 3  9.46999999973e-07
1 4  7.66999999957e-07
1 3  8.09999999962e-07
1 0  7.55000000074e-07
1 0  7.47000000079e-07
1 4  7.66999999957e-07
1 3  9.91999999922e-07
1 4  7.55000000074e-07
1 0  7.52000000048e-07
1 3  1.04499999987e-06
1 4  8.5400000005e-07
1 3  1.01699999999e-06
1 4  7.45000000135e-07
1 3  9.10000000021e-07
1 4  7.39000000083e-07
1 3  9.18999999877e-07
1 4  7.69999999983e-07
1 3  9.37000000034e-07
1 4  7.14999999873e-07
1 3  9.24999999929e-07
1 4  7.6800000004e-07
1 3  9.29000000038e-07
1 4  7.23999999952e-07
1 3  9.38999999978e-07
1 3  8.08000000019e-07
1 4  7.92000000027e-07
1 4  7.20000000065e-07
1 3  1.19200000004e-06
1 4  7.20000000065e-07
1 3  9.86999999952e-07
1 4  8.03000000049e-07
1 3  9.31000000204e-07
1 4  7.24999999813e-07
1 3  9.21000000043e-07
1 3  8.89000000059e-07
1 3  9.03000000108e-07
1 3  8.88999999837e-07
1 3  8.97000000055e-07
1 3  8.99000000221e-07
1 3  8.4900000008e-07
1 2  1.01399999997e-06
1 2  8.40000000002e-07
1 2  9.09999999799e-07
1 2  8.94000000029e-07
1 2  7.45000000135e-07
1 2  9.27000000095e-07
1 2  8.9499999989e-07
1 2  9.34000000008e-07
1 2  9.1499999999e-07
1 2  8.8999999992e-07
1 2  9.27000000095e-07
1 2  8.97000000055e-07
1 2  9.40999999921e-07
1 3  1.01200000002e-06
1 3  8.27999999897e-07
1 3  1.02999999996e-06
1 3  1.00500000011e-06
1 3  1.07499999991e-06
1 3  9.83000000065e-07
1 3  1.05699999997e-06
1 3  9.21999999903e-07
1 3  9.21000000043e-07
1 3  9.62000000104e-07
1 3  9.27000000095e-07
1 3  9.1999999996e-07
1 3  9.67000000074e-07
1 3  1.02499999999e-06
1 3  8.32999999867e-07
1 3  9.45999999891e-07
1 3  9.08999999938e-07
1 3  9.1400000013e-07
1 3  9.59000000078e-07
1 3  9.11999999964e-07
1 3  9.1499999999e-07
1 3  9.11000000103e-07
1 3  9.31999999843e-07
1 3  9.1499999999e-07
1 3  7.74999999953e-07
1 3  9.00000000081e-07
1 3  9.24999999929e-07
1 3  9.46999999973e-07
1 3  9.24000000069e-07
1 3  9.13999999907e-07
1 3  9.54999999969e-07
1 3  1.01300000011e-06
1 3  9.51999999943e-07
1 3  9.67999999935e-07
1 3  8.35000000032e-07
1 3  9.98999999835e-07
1 3  9.25000000151e-07
1 0  1.08199999982e-06
1 0  7.84999999892e-07
1 3  9.86999999952e-07
1 0  8.1800000018e-07
1 3  9.46999999973e-07
1 3  9.1999999996e-07
1 3  9.05000000051e-07
1 3  9.08999999938e-07
1 2  1.01300000011e-06
1 2  8.08999999879e-07
1 2  9.91999999922e-07
1 2  9.98000000196e-07
1 2  1.01200000002e-06
1 2  7.73000000009e-07
1 2  8.71999999985e-07
1 2  7.75000000175e-07
1 2  9.05000000051e-07
1 2  7.49999999883e-07
1 2  9.24999999929e-07
1 5  9.54999999969e-07
1 2  9.51000000082e-07
1 5  8.34000000172e-07
1 2  9.21999999903e-07
1 5  7.93999999971e-07
1 2  9.24999999929e-07
1 5  7.77000000118e-07
1 2  9.22000000125e-07
1 5  1.06200000016e-06
1 2  9.5e-07
1 5  9.63000000187e-07
1 2  9.58999999856e-07
1 5  9.29000000038e-07
1 2  9.86999999952e-07
1 5  7.34999999974e-07
1 2  9.17000000156e-07
1 5  7.44000000052e-07
1 2  8.12999999988e-07
1 5  7.69999999983e-07
1 2  1.0319999999e-06
1 5  9.6500000013e-07
1 2  9.80000000039e-07
1 5  1.03699999987e-06
1 2  9.4500000003e-07
1 5  9.48999999917e-07
1 2  9.4500000003e-07
1 5  9.39999999838e-07
1 2  9.57000000135e-07
1 5  9.41000000143e-07
1 2  1.03700000009e-06
1 5  9.96999999892e-07
1 2  9.51999999943e-07
1 5  1.05500000003e-06
1 2  1.07599999999e-06
1 5  9.89999999979e-07
1 2  1.00999999986e-06
1 2  7.34999999974e-07
1 5  8.60000000102e-07
1 5  9.81999999983e-07
1 2  1.06400000011e-06
1 5  9.28000000178e-07
1 2  9.700000001e-07
1 5  9.37999999895e-07
1 2  9.51999999943e-07
1 5  9.26999999873e-07
1 2  9.59000000078e-07
1 5  9.390000002e-07
1 2  9.55000000191e-07
1 5  9.32999999925e-07
1 2  1.07000000016e-06
1 5  1.01699999999e-06
1 2  9.42999999864e-07
1 5  9.64999999908e-07
1 2  9.43999999947e-07
1 5  1.03100000004e-06
1 2  9.48000000056e-07
1 2  7.38e-07
1 5  7.61999999987e-07
1 5  9.32999999925e-07
1 2  9.60000000161e-07
1 5  9.32999999925e-07
1 2  1.08500000007e-06
1 5  9.29000000038e-07
1 2  9.69000000017e-07
1 5  9.34000000008e-07
1 2  1.06799999999e-06
1 5  9.94999999948e-07
1 2  9.59000000078e-07
1 5  1.01000000008e-06
1 2  9.42000000004e-07
1 5  9.86999999952e-07
1 2  9.4500000003e-07
1 2  9.35000000091e-07
1 5  9.89999999979e-07
1 5  7.33000000031e-07
1 2  9.17000000156e-07
1 5  9.02000000025e-07
1 2  7.37000000139e-07
1 5  1.54400000008e-06
1 5  7.18000000122e-07
1 2  9.35000000091e-07
1 5  8.12000000128e-07
1 2  9.18999999877e-07
1 5  7.19000000204e-07
1 2  1.01699999999e-06
1 5  7.09000000043e-07
1 2  9.24000000069e-07
1 5  6.99000000104e-07
1 2  1.01899999994e-06
1 5  9.55000000191e-07
1 2  9.57999999995e-07
1 5  1.03699999987e-06
1 2  9.59000000078e-07
1 5  9.51999999943e-07
1 2  9.57999999995e-07
1 2  9.21000000043e-07
1 5  1.09300000006e-06
1 5  7.9899999994e-07
1 2  8.01999999966e-07
1 5  9.29999999899e-07
1 2  1.00499999989e-06
1 5  9.33000000147e-07
1 2  1.04299999992e-06
1 2  9.72000000043e-07
1 5  9.69000000017e-07
1 5  9.35000000091e-07
1 2  9.60999999799e-07
1 5  1.00200000008e-06
1 2  9.5e-07
1 5  9.31999999843e-07
1 2  9.59999999939e-07
1 5  1.01799999985e-06
1 2  9.64999999908e-07
1 0  1.03200000012e-06
1 0  7.50999999966e-07
1 2  7.86999999836e-07
1 5  1.04300000014e-06
1 7  1.12899999993e-06
1 2  8.47000000137e-07
1 7  8.17000000097e-07
1 5  9.37000000034e-07
1 0  1.01200000002e-06
1 5  8.5400000005e-07
1 2  8.32000000006e-07
1 0  8.7900000012e-07
1 7  7.95000000053e-07
1 2  7.39999999944e-07
1 5  9.99999999918e-07
1 7  9.85000000009e-07
1 0  9.78000000096e-07
1 2  7.6300000007e-07
1 5  9.56000000052e-07
1 0  9.59999999939e-07
1 7  9.78000000096e-07
1 2  7.15999999956e-07
1 5  1.05099999992e-06
1 0  9.69000000017e-07
1 7  9.94999999948e-07
1 2  7.09000000043e-07
1 5  9.88999999896e-07
1 0  9.57999999995e-07
1 7  9.94000000087e-07
1 2  9.00000000081e-07
1 5  1.07900000001e-06
1 0  1.05500000003e-06
1 7  1.052e-06
1 2  7.14999999873e-07
1 5  9.93000000005e-07
1 0  9.88999999896e-07
1 7  1.001e-06
1 2  7.31999999948e-07
1 5  9.5099999986e-07
1 0  9.57999999995e-07
1 7  9.97000000114e-07
1 2  7.09000000043e-07
1 5  9.48999999917e-07
1 0  9.54000000108e-07
1 7  9.93000000005e-07
1 5  8.65999999933e-07
1 2  7.30000000004e-07
1 0  9.21000000043e-07
1 7  9.64999999908e-07
1 0  7.7899999984e-07
1 7  7.4299999997e-07
1 2  7.66999999957e-07
1 2  7.36000000057e-07
1 7  9.64999999908e-07
1 0  9.5099999986e-07
1 2  7.47000000079e-07
1 7  1.06999999994e-06
1 0  9.4000000006e-07
1 2  7.02999999991e-07
1 0  9.34999999869e-07
1 7  9.93999999865e-07
1 2  7.1299999993e-07
1 0  9.29999999899e-07
1 7  1.03800000018e-06
1 2  7.0799999996e-07
1 0  9.29999999899e-07
1 7  9.89999999979e-07
1 2  7.41999999887e-07
1 0  9.27999999956e-07
1 7  9.97000000114e-07
1 2  7.04000000074e-07
1 0  9.22000000125e-07
1 7  1.09999999998e-06
1 2  7.1299999993e-07
1 7  9.59999999939e-07
1 0  1.10499999995e-06
1 2  7.15999999956e-07
1 7  1.03799999995e-06
1 0  9.21999999903e-07
1 2  7.44999999913e-07
1 0  7.95000000053e-07
1 7  8.43000000028e-07
1 2  7.15999999956e-07
1 7  9.96999999892e-07
1 0  1.06200000016e-06
1 2  7.11999999847e-07
1 7  9.46999999973e-07
1 0  9.52000000165e-07
1 2  7.04999999934e-07
1 0  9.27000000095e-07
1 7  9.83000000065e-07
1 2  7.06000000017e-07
1 0  9.24000000069e-07
1 7  9.85000000009e-07
1 2  7.55999999935e-07
1 0  9.22000000125e-07
1 7  9.98999999835e-07
1 2  7.02999999991e-07
1 0  9.26000000012e-07
1 7  9.97000000114e-07
1 2  8.51999999885e-07
1 0  9.21999999903e-07
1 7  9.97000000114e-07
1 2  9.7599999993e-07
1 0  1.22699999983e-06
1 7  1.21100000006e-06
1 2  7.04999999934e-07
1 0  1.01399999997e-06
1 7  9.7500000007e-07
1 0  8.24999999871e-07
1 7  7.84999999892e-07
1 2  7.47000000079e-07
1 7  9.10999999881e-07
1 0  8.20400000001e-06
1 2  7.50000000105e-07
1 7  8.07000000158e-07
1 0  8.79999999981e-07
1 0  9.62000000104e-07
1 2  7.58999999961e-07
1 7  8.16999999875e-07
1 2  7.47000000079e-07
1 7  8.38000000059e-07
1 0  1.01099999994e-06
1 2  7.11999999847e-07
1 0  9.24999999929e-07
1 7  9.93999999865e-07
1 2  7.16999999817e-07
1 0  9.37000000034e-07
1 7  1.001e-06
1 2  7.49999999883e-07
1 0  9.27000000095e-07
1 7  9.88000000035e-07
1 2  7.01999999908e-07
1 0  9.35999999951e-07
1 7  9.94000000087e-07
1 2  8.30000000063e-07
1 0  9.27999999956e-07
1 7  1.08399999998e-06
1 2  7.38999999861e-07
1 0  9.48000000056e-07
1 7  9.80000000039e-07
1 7  8.20999999984e-07
1 2  7.71999999927e-07
1 0  7.72000000149e-07
1 2  7.17000000039e-07
1 0  9.1999999996e-07
1 7  1.02800000001e-06
1 2  7.08999999821e-07
1 0  9.25000000151e-07
1 7  1.11999999985e-06
1 2  7.68999999901e-07
1 0  1.04200000006e-06
1 7  1.0399999999e-06
1 2  7.12000000069e-07
1 0  9.4000000006e-07
1 7  9.99000000057e-07
1 2  7.09000000043e-07
1 0  9.16999999934e-07
1 7  1.02000000002e-06
1 2  7.41999999887e-07
1 0  9.32999999925e-07
1 7  1.00199999986e-06
1 2  7.14000000013e-07
1 0  9.1999999996e-07
1 7  9.88000000035e-07
1 2  7.1299999993e-07
1 0  9.18000000016e-07
1 7  9.86999999952e-07
1 2  7.19999999843e-07
1 0  9.29999999899e-07
1 7  1.09500000001e-06
1 0  7.4299999997e-07
1 2  7.41000000026e-07
1 7  8.36999999976e-07
1 2  7.50999999966e-07
1 0  9.83999999926e-07
1 7  1.08100000018e-06
1 2  7.57000000018e-07
1 0  9.700000001e-07
1 7  9.92999999783e-07
1 2  7.10999999987e-07
1 0  9.27000000095e-07
1 7  1.04400000001e-06
1 2  7.06999999878e-07
1 0  9.34000000008e-07
1 7  1.02199999996e-06
1 2  7.51999999826e-07
1 0  9.37999999895e-07
1 7  9.96999999892e-07
1 2  7.09000000043e-07
1 0  9.26999999873e-07
1 7  9.96999999892e-07
1 2  7.66000000096e-07
1 0  9.13999999907e-07
1 7  1.03200000012e-06
1 2  7.34000000113e-07
1 0  9.1999999996e-07
1 7  1.001e-06
1 2  7.06999999878e-07
1 0  9.4500000003e-07
1 7  1.03799999995e-06
1 2  7.47000000079e-07
1 0  7.93999999971e-07
1 7  7.89000000001e-07
1 0  7.52000000048e-07
1 2  7.50000000105e-07
1 7  8.94000000029e-07
1 7  7.77999999979e-07
1 0  8.75000000011e-07
1 2  7.50000000105e-07
1 2  7.10000000126e-07
1 0  9.38999999978e-07
1 7  9.96000000031e-07
1 2  7.10000000126e-07
1 0  9.13000000047e-07
1 7  9.89000000118e-07
1 2  7.14999999873e-07
1 0  9.38000000117e-07
1 7  1.07999999988e-06
1 2  7.25000000035e-07
1 0  9.29000000038e-07
1 7  1.00300000017e-06
1 2  8.27000000037e-07
1 0  9.27999999956e-07
1 7  1.08500000007e-06
1 2  7.79999999923e-07
1 0  9.34000000008e-07
1 7  9.89999999979e-07
1 2  7.52000000048e-07
1 0  9.27000000095e-07
1 7  9.88000000035e-07
1 2  7.50000000105e-07
1 7  7.38999999861e-07
1 0  7.79999999923e-07
1 2  7.25000000035e-07
1 0  9.11000000103e-07
1 7  9.89999999979e-07
1 2  7.82000000088e-07
1 0  9.11999999964e-07
1 7  1.09000000004e-06
1 2  7.04999999934e-07
1 0  9.21999999903e-07
1 7  9.77000000013e-07
1 2  7.58999999961e-07
1 0  9.12999999825e-07
1 7  9.96000000031e-07
1 2  7.09999999904e-07
1 0  9.42000000004e-07
1 7  9.93000000005e-07
1 2  7.45999999996e-07
1 0  9.21999999903e-07
1 7  9.94999999948e-07
1 2  7.13999999791e-07
1 0  9.22999999986e-07
1 7  1.00700000005e-06
1 2  7.76999999896e-07
1 0  9.42000000004e-07
1 7  9.97999999974e-07
1 2  7.0200000013e-07
1 0  9.30000000121e-07
1 7  9.91000000061e-07
1 0  7.44999999913e-07
1 2  7.94999999831e-07
1 7  7.97999999858e-07
1 2  7.30000000004e-07
1 0  9.25000000151e-07
1 7  9.93000000005e-07
1 2  7.06999999878e-07
1 0  9.37000000034e-07
1 7  1.05500000003e-06
1 2  7.26999999978e-07
1 0  9.54999999969e-07
1 7  1.08300000012e-06
1 2  7.12000000069e-07
1 0  1.01299999988e-06
1 7  9.96999999892e-07
1 2  7.47000000079e-07
1 0  9.34999999869e-07
1 7  9.81999999983e-07
1 2  7.179999999e-07
1 0  9.20000000182e-07
1 7  9.94999999948e-07
1 2  7.06999999878e-07
1 0  9.22000000125e-07
1 7  9.83999999926e-07
1 2  7.52999999909e-07
1 7  1.00000000014e-06
1 0  9.32999999925e-07
1 2  6.96999999938e-07
1 0  9.25000000151e-07
1 7  1.04200000006e-06
1 2  7.42000000109e-07
1 7  7.77000000118e-07
1 0  7.91000000167e-07
1 2  7.52999999909e-07
1 0  9.35000000091e-07
1 7  1.052e-06
1 2  7.03999999851e-07
1 0  9.67000000074e-07
1 7  9.87000000174e-07
1 2  7.070000001e-07
1 0  9.26000000012e-07
1 7  9.92000000144e-07
1 2  8.19999999901e-07
1 0  9.700000001e-07
1 7  9.86000000092e-07
1 0  7.49000000022e-07
1 2  7.45999999996e-07
1 7  9.66999999852e-07
1 0  7.47999999939e-07
1 2  9.05000000051e-07
1 7  1.05100000014e-06
1 0  8.00000000023e-07
1 2  7.89000000001e-07
1 7  1.07199999988e-06
1 0  7.489999998e-07
1 2  7.52000000048e-07
1 7  9.62999999965e-07
1 0  8.09999999962e-07
1 2  7.84999999892e-07
1 7  1.02899999987e-06
1 2  7.37000000139e-07
1 0  7.69999999983e-07
1 7  7.85999999975e-07
1 2  7.47999999939e-07
1 0  8.67999999876e-07
1 7  8.65999999933e-07
1 0  7.45999999996e-07
1 7  1.01699999999e-06
1 2  7.66999999957e-07
1 2  7.39999999944e-07
1 7  7.77999999979e-07
1 0  7.96999999997e-07
1 0  7.40000000166e-07
1 2  8.36999999976e-07
1 7  8.9499999989e-07
1 7  9.51000000082e-07
1 0  1.01699999999e-06
1 2  7.61999999987e-07
1 7  7.36999999917e-07
1 2  8.29000000202e-07
1 0  9.16999999934e-07
1 0  7.59999999822e-07
1 7  7.82000000088e-07
1 2  8.22000000067e-07
1 0  7.47999999939e-07
1 7  7.82000000088e-07
1 2  8.16000000015e-07
1 0  7.47000000079e-07
1 7  8.41999999945e-07
1 2  7.53000000131e-07
1 2  7.4299999997e-07
1 0  8.56999999854e-07
1 7  8.32000000006e-07
1 0  7.39999999944e-07
1 7  8.26999999815e-07
1 2  7.49000000022e-07
1 7  7.34000000113e-07
1 0  7.89000000001e-07
1 2  7.79999999923e-07
1 2  9.70999999961e-07
1 7  9.34000000008e-07
1 0  9.00000000081e-07
1 7  7.36999999917e-07
1 0  7.60000000044e-07
1 2  7.47999999939e-07
1 0  8.2400000001e-07
1 7  8.75000000011e-07
1 2  8.75000000011e-07
1 0  7.39999999944e-07
1 2  8.75000000011e-07
1 7  7.9300000011e-07
1 7  9.06999999994e-07
1 2  8.40000000002e-07
1 0  9.10000000021e-07
1 7  7.38e-07
1 0  7.72000000149e-07
1 2  7.7399999987e-07
1 0  7.41999999887e-07
1 2  8.24999999871e-07
1 7  8.16000000015e-07
1 7  7.36999999917e-07
1 2  7.47999999939e-07
1 0  7.84999999892e-07
1 0  8.54999999911e-07
1 2  8.11000000045e-07
1 7  7.39999999944e-07
1 7  8.55999999994e-07
1 2  7.76999999896e-07
1 0  7.87999999918e-07
1 0  9.1999999996e-07
1 2  8.32000000006e-07
1 7  8.43000000028e-07
1 2  7.44999999913e-07
1 7  7.84000000031e-07
1 0  8.0399999991e-07
1 7  7.26999999978e-07
1 0  7.66999999957e-07
1 2  7.54999999852e-07
1 2  7.41999999887e-07
1 7  7.38e-07
1 0  8.08000000019e-07
1 0  7.42000000109e-07
1 2  7.6800000004e-07
1 7  7.85999999975e-07
1 0  9.4000000006e-07
1 2  1.06499999997e-06
1 7  1.03299999998e-06
1 2  8.8400000009e-07
1 7  8.2300000015e-07
1 0  7.90999999944e-07
1 0  7.47000000079e-07
1 2  8.68999999959e-07
1 7  7.73000000009e-07
1 7  7.74000000092e-07
1 0  8.57999999937e-07
1 2  7.89999999862e-07
1 0  8.09999999962e-07
1 2  7.40000000166e-07
1 7  7.69999999983e-07
1 2  7.44000000052e-07
1 0  7.65000000014e-07
1 7  7.47999999939e-07
1 0  7.80000000145e-07
1 7  8.00000000023e-07
1 2  8.84999999951e-07
1 2  8.47999999998e-07
1 7  7.28000000061e-07
1 0  7.99999999801e-07
1 0  7.60000000044e-07
1 7  7.38e-07
1 2  7.41999999887e-07
1 2  7.81999999866e-07
1 0  7.85000000114e-07
1 7  7.95999999914e-07
1 0  7.4299999997e-07
1 7  7.47999999939e-07
1 2  7.4399999983e-07
1 2  8.12999999988e-07
1 0  8.01999999966e-07
1 7  8.13999999849e-07
1 7  7.30999999865e-07
1 0  7.42000000109e-07
1 2  7.64999999792e-07
1 0  8.01999999966e-07
1 2  7.79999999923e-07
1 7  8.35999999893e-07
1 2  7.45000000135e-07
1 7  7.79999999923e-07
1 0  7.82000000088e-07
1 0  7.76999999896e-07
1 2  7.47000000079e-07
1 7  7.87999999918e-07
1 0  7.52999999909e-07
1 2  8.03000000049e-07
1 7  8.04000000132e-07
1 0  7.4299999997e-07
1 2  8.61999999824e-07
1 7  8.82000000146e-07
1 0  7.53999999992e-07
1 2  8.00000000023e-07
1 7  8.16000000015e-07
1 2  7.45000000135e-07
1 7  8.75000000011e-07
1 0  8.92999999946e-07
1 0  8.41999999945e-07
1 2  7.53999999992e-07
1 7  7.36999999917e-07
1 0  7.44000000052e-07
1 2  7.53999999992e-07
1 7  7.69000000123e-07
1 7  8.17999999958e-07
1 0  7.50000000105e-07
1 2  7.74999999953e-07
1 0  8.25000000093e-07
1 2  7.6200000021e-07
1 7  7.71999999927e-07
1 7  8.73000000068e-07
1 0  8.84999999951e-07
1 2  7.90999999944e-07
1 0  7.50999999966e-07
1 2  8.26999999815e-07
1 7  7.36999999917e-07
1 2  7.66000000096e-07
1 7  8.63000000129e-07
1 2  8.14999999932e-07
1 7  7.34999999974e-07
1 7  7.36999999917e-07
1 2  8.74000000151e-07
1 2  7.87000000058e-07
1 7  7.44999999913e-07
1 7  7.34999999974e-07
1 2  7.57000000018e-07
1 7  7.29000000144e-07
1 2  7.61999999987e-07
1 7  7.83999999809e-07
1 2  7.45000000135e-07
1 2  8.35999999893e-07
1 7  7.45000000135e-07
1 2  7.41000000026e-07
1 7  8.05999999853e-07
1 2  7.44999999913e-07
1 7  7.37000000139e-07
1 2  7.92000000027e-07
1 7  7.36000000057e-07
1 7  7.26000000117e-07
1 2  7.52000000048e-07
1 7  7.26999999978e-07
1 2  7.4299999997e-07
1 2  7.33000000031e-07
1 7  7.38e-07
1 2  7.38e-07
1 7  7.34999999974e-07
1 2  7.96999999997e-07
1 7  7.82999999949e-07
1 2  7.31999999948e-07
1 7  8.68000000098e-07
1 2  7.35999999835e-07
1 7  7.40000000166e-07
1 7  8.14999999932e-07
1 2  7.79000000062e-07
1 2  7.39999999944e-07
1 7  7.36000000057e-07
1 7  7.30999999865e-07
1 2  7.489999998e-07
1 2  7.47999999939e-07
1 2  6.99999999965e-07
1 2  7.02999999991e-07
1 2  7.31999999948e-07
1 2  9.64000000048e-07
1 2  7.49000000022e-07
1 2  7.69000000123e-07
1 2  7.15999999956e-07
1 2  7.93999999971e-07
1 2  7.47000000079e-07
1 2  7.04999999934e-07
1 2  7.04000000074e-07
1 2  7.070000001e-07
1 2  7.09999999904e-07
1 2  7.31000000087e-07
1 2  7.58000000101e-07
1 2  7.10999999987e-07
1 2  7.10999999987e-07
1 2  7.14000000013e-07
1 2  7.0799999996e-07
1 2  7.04999999934e-07
1 2  7.34999999974e-07
1 2  7.1299999993e-07
1 2  7.02999999991e-07
1 2  7.0799999996e-07
1 2  7.41000000026e-07
1 2  7.05000000156e-07
1 2  7.22000000009e-07
1 2  7.13000000152e-07
1 2  7.070000001e-07
1 2  8.47000000137e-07
1 2  7.0799999996e-07
1 2  7.23999999952e-07
1 2  7.30000000004e-07
1 2  7.16999999817e-07
1 2  7.44999999913e-07
1 2  7.47999999939e-07
1 2  7.15999999956e-07
1 2  7.20000000065e-07
1 2  7.44000000052e-07
1 2  7.25000000035e-07
1 2  7.11999999847e-07
1 2  7.09999999904e-07
1 2  7.92000000027e-07
1 2  7.12000000069e-07
1 2  7.45000000135e-07
1 2  7.10000000126e-07
1 2  7.09000000043e-07
1 2  7.14000000013e-07
1 2  7.09999999904e-07
1 2  7.15000000096e-07
1 2  7.52000000048e-07
1 2  7.13000000152e-07
1 2  1.01200000002e-06
1 2  7.179999999e-07
1 1  1.2519999999e-06
1 0  1.03900000004e-06
1 2  7.61999999987e-07
1 0  9.24000000069e-07
1 1  9.51000000082e-07
1 0  1.38399999994e-06
1 1  1.38199999999e-06
1 2  7.61999999987e-07
1 1  7.74000000092e-07
1 0  8.14000000071e-07
1 0  7.74999999953e-07
1 1  7.55999999935e-07
1 2  7.89000000001e-07
1 2  8.17999999958e-07
1 0  8.87000000116e-07
1 1  7.73000000009e-07
1 2  7.12000000069e-07
1 0  9.10999999881e-07
1 1  9.91999999922e-07
1 2  7.36999999917e-07
1 0  9.37000000034e-07
1 1  9.99999999918e-07
1 2  7.06000000017e-07
1 0  9.22000000125e-07
1 1  1.01299999988e-06
1 2  7.02999999991e-07
1 0  9.30999999982e-07
1 1  9.96999999892e-07
1 2  8.36999999976e-07
1 0  9.43000000087e-07
1 1  1.02999999996e-06
1 2  7.04000000074e-07
1 0  9.13000000047e-07
1 1  9.97999999974e-07
1 2  7.4399999983e-07
1 1  7.72000000149e-07
1 0  7.50000000105e-07
1 2  7.1299999993e-07
1 0  1.02199999996e-06
1 1  1.02199999996e-06
1 2  7.08000000182e-07
1 0  9.64999999908e-07
1 1  1.11200000008e-06
1 2  8.29999999841e-07
1 0  9.24999999929e-07
1 1  1.06600000005e-06
1 2  7.15000000096e-07
1 0  9.29999999899e-07
1 1  1.11000000014e-06
1 2  7.13000000152e-07
1 1  9.66999999852e-07
1 0  9.78999999957e-07
1 2  7.69999999983e-07
1 0  9.30000000121e-07
1 1  1.01300000011e-06
1 2  7.12000000069e-07
1 1  9.61999999882e-07
1 0  1.06400000011e-06
1 2  7.82000000088e-07
1 0  9.11999999964e-07
1 1  1.01500000005e-06
1 2  7.04999999934e-07
1 0  9.22000000125e-07
1 1  1.00299999994e-06
1 1  8.5400000005e-07
1 0  8.91000000003e-07
1 2  7.71999999927e-07
1 2  7.80000000145e-07
1 1  9.64999999908e-07
1 0  9.62000000104e-07
1 2  7.28999999922e-07
1 0  9.37000000034e-07
1 1  1.05900000014e-06
1 2  7.15000000096e-07
1 0  9.11999999964e-07
1 1  1.00700000005e-06
1 2  8.27000000037e-07
1 0  9.59999999939e-07
1 1  1.01699999999e-06
1 2  7.05000000156e-07
1 0  9.20000000182e-07
1 1  1.001e-06
1 2  7.49999999883e-07
1 0  9.23999999847e-07
1 1  1.0119999998e-06
1 2  7.61999999987e-07
1 0  9.1999999996e-07
1 1  9.88000000035e-07
1 2  7.22000000009e-07
1 0  9.69000000017e-07
1 1  1.11500000011e-06
1 2  8.2899999998e-07
1 0  1.02000000002e-06
1 1  1.06400000011e-06
1 1  9.23999999847e-07
1 2  7.69999999983e-07
1 0  7.47000000079e-07
1 2  7.15999999956e-07
1 0  9.29000000038e-07
1 1  1.00000000014e-06
1 2  7.60000000044e-07
1 0  9.31999999843e-07
1 1  1.009e-06
1 2  7.9800000008e-07
1 0  9.1999999996e-07
1 1  9.96000000031e-07
1 2  6.99999999965e-07
1 0  9.26000000012e-07
1 1  9.99999999918e-07
1 2  7.39000000083e-07
1 1  9.96999999892e-07
1 0  1.0119999998e-06
1 2  7.06999999878e-07
1 1  1.01300000011e-06
1 0  9.61999999882e-07
1 2  7.0200000013e-07
1 0  9.1999999996e-07
1 1  1.01899999994e-06
1 2  7.46999999857e-07
1 0  9.30000000121e-07
1 1  1.052e-06
1 2  7.09999999904e-07
1 0  1.06599999983e-06
1 1  1.02400000013e-06
1 1  7.66000000096e-07
1 0  7.65999999874e-07
1 2  7.55999999935e-07
1 2  7.09999999904e-07
1 0  9.20999999821e-07
1 1  9.99000000057e-07
1 2  8.37000000198e-07
1 0  9.23999999847e-07
1 1  1.02600000007e-06
1 2  7.070000001e-07
1 0  9.29000000038e-07
1 1  1.02399999991e-06
1 2  7.09000000043e-07
1 0  9.67000000074e-07
1 1  1.00199999986e-06
1 2  7.14999999873e-07
1 0  9.26999999873e-07
1 1  1.01200000002e-06
1 2  7.14000000013e-07
1 0  9.27000000095e-07
1 1  1.10900000005e-06
1 2  7.06999999878e-07
1 0  9.38999999978e-07
1 1  1.00700000005e-06
1 2  7.12000000069e-07
1 0  9.36000000173e-07
1 1  1.00999999986e-06
1 2  7.06000000017e-07
1 0  9.28999999816e-07
1 1  9.83999999926e-07
1 2  7.49999999883e-07
1 1  8.00999999884e-07
1 0  7.96999999997e-07
1 2  7.23000000091e-07
1 1  9.59999999939e-07
1 0  9.62000000104e-07
1 2  7.22999999869e-07
1 0  1.02800000001e-06
1 1  1.01200000002e-06
1 2  7.15999999956e-07
1 0  9.21000000043e-07
1 1  1.09500000001e-06
1 2  7.13000000152e-07
1 0  9.70999999961e-07
1 1  1.05700000019e-06
1 2  7.45999999996e-07
1 0  9.22000000125e-07
1 1  1.01299999988e-06
1 2  8.41999999945e-07
1 0  9.1499999999e-07
1 1  1.01000000008e-06
1 2  7.489999998e-07
1 0  9.22999999986e-07
1 1  1.04200000006e-06
1 2  8.36999999976e-07
1 0  9.37000000034e-07
1 1  1.01900000016e-06
1 2  7.6800000004e-07
1 0  9.19000000099e-07
1 1  1.02400000013e-06
1 1  8.73999999929e-07
1 2  7.90999999944e-07
1 0  8.50999999802e-07
1 2  7.21999999787e-07
1 1  1.02999999996e-06
1 0  9.42000000004e-07
1 2  7.0799999996e-07
1 0  9.43999999947e-07
1 1  1.00700000005e-06
1 2  7.20000000065e-07
1 0  9.1999999996e-07
1 1  1.02199999996e-06
1 2  8.38999999919e-07
1 0  9.1499999999e-07
1 1  1.0039999998e-06
1 2  7.66999999957e-07
1 0  9.16999999934e-07
1 1  1.02400000013e-06
1 2  7.37000000139e-07
1 1  7.59000000183e-07
1 0  7.95000000053e-07
1 2  8.54999999911e-07
1 1  8.27999999897e-07
1 0  8.41000000085e-07
1 0  8.3399999995e-07
1 2  7.96999999997e-07
1 0  7.97999999858e-07
1 2  7.84999999892e-07
1 2  7.38e-07
1 0  7.75999999814e-07
1 0  7.39999999944e-07
1 2  7.55000000074e-07
1 0  7.54999999852e-07
1 2  7.96000000136e-07
1 2  8.30000000063e-07
1 0  7.42000000109e-07
1 2  8.62000000046e-07
1 0  7.82000000088e-07
1 2  9.11000000103e-07
1 0  8.91999999864e-07
1 0  7.58999999961e-07
1 2  7.56999999796e-07
1 0  7.57000000018e-07
1 2  7.53999999992e-07
1 0  7.45999999996e-07
1 2  7.45000000135e-07
1 2  7.489999998e-07
1 0  7.92000000027e-07
1 0  7.53999999992e-07
1 2  7.55000000074e-07
1 0  7.57000000018e-07
1 2  7.52000000048e-07
1 0  7.47000000079e-07
1 2  8.25000000093e-07
1 2  7.0200000013e-07
