-total num of scheduling:419
-avg overhead:1.04989498807e-06
1 7  7.19e-07
1 5  7.68e-07
1 6  7.57e-07
1 5  8.76e-07
1 7  7.27e-07
1 6  9.19e-07
1 7  7.32e-07
1 5  7.4e-07
1 6  7.97e-07
1 5  8.35e-07
1 7  8.09e-07
1 6  7.56e-07
1 7  7.60000000001e-07
1 5  8.77e-07
1 6  7.8e-07
1 0  2.879e-06
1 7  8.87e-07
1 5  8.22e-07
1 6  7.55e-07
1 0  2.686e-06
1 5  7.38e-07
1 6  8e-07
1 7  8.26e-07
1 0  2.655e-06
1 5  7.42000000001e-07
1 7  7.45000000001e-07
1 6  7.61e-07
1 0  2.57e-06
1 5  7.4e-07
1 7  9.69999999999e-07
1 6  7.88999999999e-07
1 0  2.654e-06
1 5  7.45e-07
1 6  7.51e-07
1 7  8.17e-07
1 0  2.464e-06
1 5  7.39999999999e-07
1 6  7.94e-07
1 7  8.62000000001e-07
1 0  2.546e-06
1 6  8.04e-07
1 7  8.19000000001e-07
1 0  1.044e-06
1 6  7.87e-07
1 7  8.21999999999e-07
1 0  9.67999999999e-07
1 7  7.47000000001e-07
1 6  7.67e-07
1 0  1.017e-06
1 7  8.78000000001e-07
1 6  7.57000000001e-07
1 0  9.64999999999e-07
1 7  7.42000000001e-07
1 6  7.49e-07
1 0  9.55e-07
1 7  7.29999999999e-07
1 6  7.94e-07
1 0  9.62e-07
1 0  8.54e-07
1 7  7.40000000001e-07
1 6  7.58999999999e-07
1 7  7.37000000001e-07
1 6  8.37e-07
1 0  9.65000000002e-07
1 7  8.14999999998e-07
1 6  8.15999999997e-07
1 0  9.87000000001e-07
1 7  8.18e-07
1 6  8.63e-07
1 0  1.01e-06
1 6  7.50000000001e-07
1 7  8.1e-07
1 0  1.05e-06
1 7  7.39999999999e-07
1 6  8.38000000003e-07
1 0  1.022e-06
1 7  8.79999999998e-07
1 6  7.49999999997e-07
1 0  9.58999999998e-07
1 7  7.34999999998e-07
1 6  7.53999999999e-07
1 0  9.82e-07
1 7  7.28000000002e-07
1 6  7.64e-07
1 0  9.17e-07
1 7  7.30000000001e-07
1 6  8.1e-07
1 0  9.69999999999e-07
1 0  7.46999999999e-07
1 7  7.61999999998e-07
1 6  7.52e-07
1 7  7.78999999999e-07
1 6  7.55000000002e-07
1 0  1.074e-06
1 7  7.86999999999e-07
1 6  8.47000000002e-07
1 0  1.004e-06
1 7  7.36000000001e-07
1 6  7.52e-07
1 0  1.054e-06
1 7  7.32e-07
1 6  8.04e-07
1 0  9.76999999999e-07
1 7  7.33999999999e-07
1 6  7.94000000002e-07
1 0  1.008e-06
1 7  7.84e-07
1 6  7.99999999999e-07
1 0  9.24999999999e-07
1 0  7.50000000001e-07
1 7  8.77e-07
1 6  8.56e-07
1 6  7.66999999999e-07
1 7  8.25000000003e-07
1 0  7.98999999999e-07
1 7  8.32999999999e-07
1 6  7.67999999998e-07
1 0  9.64999999999e-07
1 0  7.57000000004e-07
1 7  7.91999999999e-07
1 6  8.08000000005e-07
1 7  7.31999999996e-07
1 6  7.77e-07
1 0  1.002e-06
1 7  7.28999999998e-07
1 6  7.52e-07
1 0  9.07000000001e-07
1 6  8.42000000001e-07
1 7  8.21999999998e-07
1 0  9.72000000002e-07
1 7  7.35000000002e-07
1 6  7.57999999997e-07
1 0  9.32000000002e-07
1 7  7.88000000002e-07
1 6  7.78999999999e-07
1 0  9.33999999994e-07
1 6  7.48000000002e-07
1 7  8.09999999997e-07
1 0  9.76999999999e-07
1 7  8.73999999998e-07
1 6  7.57999999997e-07
1 0  9.64999999999e-07
1 7  7.41000000005e-07
1 6  7.44999999996e-07
1 0  9.76999999999e-07
1 6  7.75000000001e-07
1 7  7.65e-07
1 0  1.099e-06
1 7  7.70000000004e-07
1 0  7.83999999997e-07
1 6  7.59999999995e-07
1 7  7.33000000003e-07
1 6  7.60000000002e-07
1 0  9.83999999996e-07
1 6  7.50000000001e-07
1 7  7.91e-07
1 0  9.71000000002e-07
1 7  8.10000000004e-07
1 6  7.55000000005e-07
1 0  9.23e-07
1 6  7.84000000004e-07
1 7  8.44999999999e-07
1 0  9.32000000002e-07
1 6  7.44000000004e-07
1 7  8.16000000001e-07
1 0  1.031e-06
1 7  7.28999999998e-07
1 6  7.58000000003e-07
1 0  9.12999999998e-07
1 7  7.37000000001e-07
1 6  7.91e-07
1 0  1.075e-06
1 7  7.34000000002e-07
1 6  8.00000000002e-07
1 0  1.035e-06
1 7  6.96000000001e-07
1 0  9.31999999995e-07
1 7  8.34999999998e-07
1 0  7.77e-07
1 7  7.21999999995e-07
1 0  9.34000000001e-07
1 3  1.02e-06
1 7  8.42000000001e-07
1 0  9.38999999998e-07
1 3  1.073e-06
1 7  7.45000000003e-07
1 0  1.017e-06
1 3  9.94000000004e-07
1 7  6.91000000004e-07
1 0  9.96000000003e-07
1 3  1.077e-06
1 3  7.956e-06
1 7  7.70000000004e-07
1 3  8.74999999997e-07
1 0  9.80999999997e-07
1 3  1.00400000001e-06
1 7  7.36000000001e-07
1 3  7.94000000005e-07
1 0  1.007e-06
1 7  7.26999999999e-07
1 3  7.97999999996e-07
1 0  9.83999999996e-07
1 7  8.53000000002e-07
1 3  7.94999999998e-07
1 0  9.79999999998e-07
1 3  7.39e-07
1 7  7.86999999995e-07
1 0  9.64999999999e-07
1 0  7.44999999996e-07
1 7  8.17e-07
1 3  7.83999999997e-07
1 7  8.17e-07
1 3  1.002e-06
1 0  9.72000000002e-07
1 7  7.07000000003e-07
1 0  9.25000000006e-07
1 3  1.015e-06
1 7  7.07000000003e-07
1 0  9.32000000002e-07
1 3  9.88e-07
1 7  7.31000000004e-07
1 0  9.28999999997e-07
1 3  9.54000000004e-07
1 7  8.45999999999e-07
1 0  1.014e-06
1 3  9.50999999999e-07
1 7  6.97000000001e-07
1 0  1.075e-06
1 3  9.72999999994e-07
1 7  6.99e-07
1 0  9.47000000001e-07
1 3  9.79999999998e-07
1 7  7.37000000001e-07
1 0  8.02999999994e-07
1 3  9.16999999989e-07
1 0  7.44999999996e-07
1 3  1.16e-06
1 0  7.54000000006e-07
1 3  8.44999999999e-07
1 0  7.12e-07
1 3  9.37000000006e-07
1 0  7.12e-07
1 3  1.022e-06
1 0  8.38000000003e-07
1 3  9.12999999991e-07
1 0  7.07000000003e-07
1 3  9.42000000004e-07
1 0  7.08000000002e-07
1 3  9.19000000002e-07
1 0  7.13999999999e-07
1 3  9.31999999995e-07
1 0  7.58999999989e-07
1 3  9.16000000004e-07
1 0  7.10000000001e-07
1 3  9.59999999994e-07
1 0  8.01000000009e-07
1 3  1.022e-06
1 0  7.45999999996e-07
1 3  7.77999999993e-07
1 0  7.10000000001e-07
1 3  9.12999999991e-07
1 0  7.12e-07
1 3  9.27999999997e-07
1 0  7.26999999992e-07
1 3  9.17000000003e-07
1 0  7.05000000004e-07
1 3  9.27999999997e-07
1 0  7.10000000001e-07
1 3  9.75e-07
1 0  7.26999999992e-07
1 3  9.23999999999e-07
1 0  7.07000000003e-07
1 3  9.26999999998e-07
1 0  7.60000000002e-07
1 3  9.11999999992e-07
1 0  7.10000000001e-07
1 3  9.06999999994e-07
1 0  7.77000000007e-07
1 3  7.72999999996e-07
1 0  7.19999999996e-07
1 3  9.50999999999e-07
1 0  8.90000000003e-07
1 3  9.10000000007e-07
1 0  9.72000000002e-07
1 3  1.081e-06
1 0  8.44999999999e-07
1 3  9.08000000008e-07
1 0  7.09000000002e-07
1 3  9.40000000005e-07
1 0  7.14999999998e-07
1 3  9.8200000001e-07
1 5  2.825e-06
1 0  8.49000000011e-07
1 5  2.57400000001e-06
1 3  9.22e-07
1 0  7.64e-07
1 5  2.62199999999e-06
1 3  9.28000000011e-07
1 0  7.54000000006e-07
1 5  2.57400000001e-06
1 3  9.12000000006e-07
1 5  2.236e-06
1 0  7.48999999994e-07
1 3  7.85000000003e-07
1 0  7.24000000007e-07
1 5  2.42e-06
1 3  9.63000000007e-07
1 0  7.14999999998e-07
1 5  2.509e-06
1 3  9.23999999999e-07
1 0  8.12000000003e-07
1 5  2.434e-06
1 3  1.026e-06
1 5  2.38400000001e-06
1 3  1e-06
1 5  2.15399999999e-06
1 5  2.169e-06
1 5  2.184e-06
1 5  2.31399999995e-06
1 5  2.35199999998e-06
1 5  2.20500000003e-06
1 5  2.32e-06
1 5  2.20500000003e-06
1 5  2.29399999996e-06
1 5  2.214e-06
1 1  1.052e-06
1 1  9.3000000001e-07
1 1  9.17000000045e-07
1 1  9.41999999893e-07
1 1  9.54999999969e-07
1 1  9.34000000008e-07
1 1  9.44000000058e-07
1 1  9.26999999984e-07
1 1  1.04000000001e-06
1 1  9.14000000019e-07
1 4  2.77599999998e-06
1 4  2.28800000002e-06
1 4  2.26700000006e-06
1 4  2.38399999997e-06
1 4  2.33999999999e-06
1 0  1.03200000001e-06
1 0  1.02499999999e-06
1 0  1.01699999999e-06
1 0  9.9000000009e-07
1 0  9.69999999989e-07
1 0  9.61999999993e-07
1 0  1.17499999996e-06
1 6  1.31400000003e-06
1 6  7.85000000003e-07
1 0  1.06700000002e-06
1 0  1.05500000003e-06
1 6  1.01200000002e-06
1 0  1.00199999997e-06
1 6  1.02499999999e-06
1 0  1.02899999999e-06
1 6  1.009e-06
1 6  9.85000000009e-07
1 0  1.00400000003e-06
1 0  7.41999999998e-07
1 6  9.66999999963e-07
1 6  9.72000000043e-07
1 0  9.89999999979e-07
1 0  9.31999999954e-07
1 6  1.08999999993e-06
1 0  1.03899999992e-06
1 6  1.05500000003e-06
1 6  1.00699999994e-06
1 0  9.92000000033e-07
1 0  1.03699999998e-06
1 6  1.02499999999e-06
1 0  9.22000000014e-07
1 6  1.02899999999e-06
1 0  9.4500000003e-07
1 6  1.02999999996e-06
1 6  9.91999999922e-07
1 6  9.5500000008e-07
1 6  7.54999999963e-07
1 6  1.04000000001e-06
1 6  9.1999999996e-07
1 6  9.38000000006e-07
1 6  9.81999999983e-07
1 6  9.83999999926e-07
1 6  9.5e-07
1 6  9.42000000004e-07
1 0  1.14399999984e-06
1 0  9.22999999986e-07
1 0  7.82999999949e-07
1 0  9.56000000052e-07
1 0  8.91999999864e-07
1 0  9.68000000157e-07
1 0  1.03500000015e-06
1 0  9.00000000081e-07
1 0  8.91000000003e-07
1 0  9.69000000017e-07
1 2  2.13199999988e-06
1 2  2.02100000002e-06
1 2  1.93699999995e-06
1 2  2.47399999997e-06
1 2  2.0930000002e-06
1 2  1.99200000006e-06
1 2  1.9200000001e-06
1 2  2.23199999994e-06
1 2  2.27600000002e-06
1 2  2.26899999989e-06
1 2  2.42499999992e-06
1 2  2.33300000008e-06
1 2  2.49799999996e-06
1 2  2.37599999986e-06
1 2  2.34399999988e-06
1 5  8.49999999941e-07
1 5  7.23999999952e-07
1 5  7.10999999987e-07
1 5  8.8999999992e-07
1 5  8.90000000142e-07
1 5  1.01000000008e-06
1 0  1.23600000013e-06
1 0  8.97999999916e-07
1 0  1.05500000003e-06
1 0  9.13000000047e-07
