-total num of scheduling:1904
-avg overhead:1.00516596639e-06
1 4  1.055e-06
1 4  7.97e-07
1 4  9.18999999999e-07
1 4  9.49e-07
1 7  2.315e-06
1 4  9.92000000002e-07
1 7  1.919e-06
1 4  1.069e-06
1 7  1.856e-06
1 4  9.82000000004e-07
1 4  9.72000000002e-07
1 7  2.452e-06
1 7  2.40899999999e-06
1 4  9.75e-07
1 7  2.384e-06
1 4  9.5e-07
1 7  2.634e-06
1 4  9.93999999997e-07
1 7  2.244e-06
1 4  7.62000000001e-07
1 7  2.33400000001e-06
1 4  9.62e-07
1 7  2.469e-06
1 4  9.46999999994e-07
1 7  2.242e-06
1 7  2.338e-06
1 7  2.573e-06
1 7  2.225e-06
1 7  2.335e-06
1 7  2.53e-06
1 7  2.224e-06
1 7  1.053e-06
1 7  1.03e-06
1 7  9.76999999999e-07
1 7  9.01000000011e-07
1 7  9.12000000006e-07
1 7  9.1499999999e-07
1 7  9.98000000002e-07
1 7  9.05000000023e-07
1 7  8.97e-07
1 7  7.35000000002e-07
1 5  1e-06
1 5  7.2000000001e-07
1 5  7.07000000016e-07
1 5  8.97e-07
1 5  8.93000000002e-07
1 5  9.45000000002e-07
1 5  1.02000000002e-06
1 5  7.45999999996e-07
1 5  9.18999999988e-07
1 5  9.04999999995e-07
1 5  9.35000000007e-07
1 5  9.06999999994e-07
1 5  9.81999999983e-07
1 5  1.01900000002e-06
1 5  9.49e-07
1 5  9.21999999987e-07
1 5  8.92000000002e-07
1 5  7.85000000003e-07
1 5  9.37999999978e-07
1 5  9.13999999991e-07
1 2  2.18300000002e-06
1 2  1.71200000001e-06
1 5  9.84000000009e-07
1 7  9.95000000004e-07
1 2  1.75900000002e-06
1 5  1.007e-06
1 7  9.95999999975e-07
1 5  1.004e-06
1 2  2.427e-06
1 7  1.02800000001e-06
1 5  9.43000000003e-07
1 7  9.68000000018e-07
1 5  9.31999999981e-07
1 7  9.57999999995e-07
1 5  9.5e-07
1 7  9.85000000009e-07
1 5  9.12999999991e-07
1 7  1.02500000002e-06
1 5  7.41999999998e-07
1 7  7.7200000001e-07
1 5  8.20000000012e-07
1 7  1.03899999998e-06
1 5  8.15999999987e-07
1 7  9.37000000006e-07
1 5  7.61999999987e-07
1 7  9.3399999998e-07
1 5  9.18000000016e-07
1 7  9.89000000007e-07
1 5  9.46000000002e-07
1 7  1.03800000001e-06
1 5  9.24000000013e-07
1 7  9.80000000012e-07
1 5  9.49e-07
1 7  1.18399999999e-06
1 5  9.55999999996e-07
1 7  9.47000000001e-07
1 5  1.04200000001e-06
1 7  1.08700000001e-06
1 5  7.85000000003e-07
1 7  8.22999999983e-07
1 5  1.007e-06
1 7  9.78999999984e-07
1 5  9.11999999992e-07
1 7  9.65000000019e-07
1 5  9.36999999979e-07
1 7  9.84000000009e-07
1 5  9.1499999999e-07
1 7  9.66000000019e-07
1 5  9.23999999985e-07
1 7  1.02199999999e-06
1 5  9.54999999997e-07
1 7  1.055e-06
1 5  1.01000000002e-06
1 7  1.047e-06
1 5  1.01300000002e-06
1 7  9.63999999992e-07
1 5  9.75000000014e-07
1 7  9.81000000011e-07
1 7  7.39e-07
1 5  8.37000000004e-07
1 5  9.29999999982e-07
1 7  9.79000000012e-07
1 5  9.07999999994e-07
1 7  9.71000000016e-07
1 5  9.53999999997e-07
1 7  9.79000000012e-07
1 5  9.58999999995e-07
1 7  1.01499999999e-06
1 5  1.02200000002e-06
1 7  1.08600000001e-06
1 7  9.93000000005e-07
1 5  1.002e-06
1 5  1e-06
1 7  9.75999999986e-07
1 5  1.25200000001e-06
1 7  1.15299999998e-06
1 5  1.00800000002e-06
1 7  9.95000000004e-07
1 7  8.41000000029e-07
1 5  8.71999999985e-07
1 7  9.1999999996e-07
1 5  9.88000000035e-07
1 5  7.34999999974e-07
1 7  9.3499999998e-07
1 5  7.64999999958e-07
1 7  9.39999999949e-07
1 5  1.02099999999e-06
1 7  9.80000000039e-07
1 5  9.55000000025e-07
1 7  9.95000000004e-07
1 5  9.13999999963e-07
1 7  9.64999999964e-07
1 5  9.20999999987e-07
1 7  1.02099999999e-06
1 5  9.42000000004e-07
1 7  9.77000000013e-07
1 2  2.316e-06
1 2  1.87900000004e-06
1 4  9.55999999996e-07
1 4  9.47000000029e-07
1 4  9.30999999982e-07
1 4  9.16000000017e-07
1 4  9.57000000024e-07
1 1  1.04200000001e-06
1 1  9.21000000043e-07
1 1  9.11999999964e-07
1 1  9.26999999984e-07
1 1  9.75999999986e-07
1 1  1.14099999998e-06
1 1  9.69000000017e-07
1 1  9.51999999999e-07
1 1  7.55999999991e-07
1 1  9.26000000012e-07
1 1  9.44999999974e-07
1 1  9.1999999996e-07
1 1  9.1999999996e-07
1 1  9.65000000019e-07
1 1  1.05e-06
1 1  9.20999999987e-07
1 1  9.44999999974e-07
1 1  9.69999999989e-07
1 1  7.51999999993e-07
1 1  9.67000000018e-07
1 5  1.11400000002e-06
1 5  9.65000000019e-07
1 1  9.81000000011e-07
1 5  1.01699999999e-06
1 1  1.00400000003e-06
1 1  1.01500000005e-06
1 5  1.07200000005e-06
1 5  1.03500000004e-06
1 1  9.99999999973e-07
1 5  9.1499999999e-07
1 1  9.85000000009e-07
1 5  9.26000000012e-07
1 1  9.97000000003e-07
1 5  9.42000000004e-07
1 1  1.00199999997e-06
1 5  9.20000000015e-07
1 1  1.04400000001e-06
1 1  8.44999999972e-07
1 5  7.47000000023e-07
1 1  1.01699999999e-06
1 5  8.73000000012e-07
1 5  8.14999999987e-07
1 1  9.61000000022e-07
1 5  7.67999999984e-07
1 1  9.65000000019e-07
1 5  9.27000000039e-07
1 1  9.93000000005e-07
1 5  1.08299999996e-06
1 1  1.05e-06
1 5  9.47000000029e-07
1 1  9.96000000031e-07
1 5  9.2500000004e-07
1 1  1.08699999996e-06
1 5  9.3799999995e-07
1 1  1.01199999997e-06
1 5  1.02899999999e-06
1 1  1.11200000003e-06
1 1  7.58000000045e-07
1 5  8.02000000022e-07
1 5  1.00799999997e-06
1 1  9.95000000004e-07
1 5  9.10000000021e-07
1 1  9.90000000034e-07
1 5  9.13999999963e-07
1 1  9.86000000036e-07
1 5  9.42000000004e-07
1 1  9.92000000033e-07
1 5  9.33000000036e-07
1 1  1.00000000003e-06
1 0  1.04200000001e-06
1 5  9.36999999979e-07
1 0  9.46000000002e-07
1 1  1.01499999999e-06
1 5  1.13099999999e-06
1 1  1.00799999997e-06
1 0  9.68999999962e-07
1 5  1.01899999999e-06
1 1  9.97000000003e-07
1 0  1.01500000005e-06
1 5  9.81999999983e-07
1 0  1.05e-06
1 1  1.001e-06
1 5  7.35000000029e-07
1 1  7.87000000002e-07
1 0  9.05999999967e-07
1 5  9.3000000001e-07
1 0  9.66000000047e-07
1 1  1.005e-06
1 5  9.46999999973e-07
1 1  1.01300000005e-06
1 0  1.02199999996e-06
1 5  9.16999999989e-07
1 0  9.51999999999e-07
1 1  1.11199999997e-06
1 5  9.44999999974e-07
1 0  9.58999999967e-07
1 1  1.007e-06
1 5  9.44999999974e-07
1 1  1.12900000004e-06
1 0  1.06e-06
1 5  9.58999999967e-07
1 0  9.93000000005e-07
1 1  1.005e-06
1 5  9.32000000009e-07
1 1  1.08000000004e-06
1 0  1.06e-06
1 0  1.03699999998e-06
1 5  1.217e-06
1 1  1.15900000008e-06
1 1  8.22000000067e-07
1 5  9.3000000001e-07
1 0  1.00299999994e-06
1 1  7.89999999973e-07
1 5  7.48999999911e-07
1 0  8.87999999977e-07
1 1  7.55999999935e-07
1 0  1.009e-06
1 5  8.47000000026e-07
1 5  8.00000000023e-07
1 1  8.71999999985e-07
1 0  1.00399999992e-06
1 5  1.064e-06
1 0  8.797e-06
1 1  8.1399999996e-07
1 5  7.67999999929e-07
1 0  9.16999999934e-07
1 0  8.50000000052e-07
1 5  7.79999999923e-07
1 1  7.89999999973e-07
1 1  7.66999999957e-07
1 5  7.38e-07
1 0  1.02199999996e-06
1 1  8.5900000002e-07
1 5  7.60000000044e-07
1 0  9.22000000014e-07
1 1  7.45999999996e-07
1 0  9.0999999991e-07
1 5  1.03399999996e-06
1 1  8.51000000024e-07
1 5  9.97000000003e-07
1 0  9.61999999993e-07
1 1  8.07000000047e-07
1 5  1.00600000008e-06
1 0  9.5e-07
1 5  8.66000000044e-07
1 1  7.52999999909e-07
1 0  7.79999999923e-07
1 1  9.00000000081e-07
1 0  9.32999999925e-07
1 5  9.65000000019e-07
1 1  7.1299999993e-07
1 5  9.29000000038e-07
1 0  9.4500000003e-07
1 1  7.14000000013e-07
1 5  9.17000000045e-07
1 0  9.66999999963e-07
1 1  7.78999999951e-07
1 5  9.28000000067e-07
1 0  9.67000000074e-07
1 1  7.53999999992e-07
1 5  1.04300000003e-06
1 0  9.61999999993e-07
1 1  7.68999999901e-07
1 5  9.74999999959e-07
1 0  9.42000000004e-07
1 1  7.58999999961e-07
1 5  9.41000000032e-07
1 0  7.76000000036e-07
1 0  7.61000000016e-07
1 5  7.99000000051e-07
1 1  8.00000000023e-07
1 1  8.34999999921e-07
1 5  1.01600000002e-06
1 0  9.43000000087e-07
1 1  8.79000000009e-07
1 5  8.16999999986e-07
1 0  7.69999999983e-07
1 1  7.45999999996e-07
1 5  9.13999999907e-07
1 1  8.97000000055e-07
1 5  9.40999999921e-07
1 1  7.81000000005e-07
1 5  9.7500000007e-07
1 1  7.14000000013e-07
1 5  1.00799999991e-06
1 1  7.45000000024e-07
1 5  1.02899999999e-06
1 1  7.16999999928e-07
1 5  1.00999999997e-06
1 1  7.13000000041e-07
1 5  9.22000000014e-07
1 1  7.25000000035e-07
1 5  9.38999999978e-07
1 1  7.17000000039e-07
1 5  9.42000000004e-07
1 5  7.37000000028e-07
1 1  7.50999999966e-07
1 1  7.43999999941e-07
1 5  8.40999999974e-07
1 5  7.85000000003e-07
1 1  7.49999999994e-07
1 5  7.46999999968e-07
1 1  8.47000000026e-07
1 1  7.1299999993e-07
1 5  9.17000000045e-07
1 5  8.95000000001e-07
1 5  8.98999999999e-07
1 5  8.87000000005e-07
1 5  8.89000000059e-07
1 5  9.2500000004e-07
1 5  7.35999999946e-07
1 5  9.61999999993e-07
1 5  8.94000000029e-07
1 5  8.9999999997e-07
1 5  9.10999999992e-07
1 5  9.17000000045e-07
1 5  9.3499999998e-07
1 5  9.01000000053e-07
1 5  9.65000000019e-07
1 5  1.05299999997e-06
1 5  7.96000000025e-07
1 5  9.33000000036e-07
1 5  8.87999999977e-07
1 7  1.09800000003e-06
1 7  8.64999999961e-07
1 7  1.03500000004e-06
1 7  9.9599999992e-07
1 7  1.00199999997e-06
1 7  1.11000000003e-06
1 7  9.89999999979e-07
1 7  8.95000000001e-07
1 7  8.85000000062e-07
1 7  8.84999999951e-07
1 7  9.64000000048e-07
1 7  6.98999999993e-07
1 6  2.52000000001e-06
1 6  1.82699999995e-06
1 7  1.05499999992e-06
1 6  2.01699999991e-06
1 7  9.77999999985e-07
1 7  9.3000000001e-07
1 6  2.43300000002e-06
1 6  2.39699999993e-06
1 7  9.52000000054e-07
1 7  1.03400000007e-06
1 6  2.35400000004e-06
1 7  9.5e-07
1 6  2.56399999998e-06
1 6  2.34200000004e-06
1 7  9.65999999991e-07
1 6  2.55700000007e-06
1 7  9.32000000065e-07
1 6  2.481e-06
1 7  9.40999999921e-07
1 7  7.38e-07
1 6  2.19099999998e-06
1 7  9.38000000006e-07
1 6  2.44699999996e-06
1 6  2.35100000001e-06
1 7  9.38000000006e-07
1 7  9.5e-07
1 6  2.40699999998e-06
1 7  1.02000000002e-06
1 6  2.45099999996e-06
1 6  2.65599999993e-06
1 7  9.53000000026e-07
1 7  9.2500000004e-07
1 6  2.42400000006e-06
1 6  2.35400000004e-06
1 7  9.3499999998e-07
1 6  2.35100000001e-06
1 7  9.37000000034e-07
1 6  2.33599999999e-06
1 7  9.46999999973e-07
1 7  7.77000000007e-07
1 6  2.25400000009e-06
1 6  1.00999999997e-06
1 7  1.02599999996e-06
1 7  9.29999999899e-07
1 6  1.1339999999e-06
1 7  9.31999999954e-07
1 6  1.02700000004e-06
1 7  1.05499999992e-06
1 6  9.97999999974e-07
1 7  1.03699999998e-06
1 6  9.95000000059e-07
1 7  9.84000000037e-07
1 6  9.79000000068e-07
1 7  9.28999999927e-07
1 6  9.97000000003e-07
1 7  1.24600000007e-06
1 6  1.18800000004e-06
1 7  1.14600000001e-06
1 6  1.20999999997e-06
1 7  8.94000000029e-07
1 6  8.55000000022e-07
1 7  1.09500000001e-06
1 6  1.005e-06
1 7  1.02199999996e-06
1 6  1.05499999992e-06
1 6  9.4500000003e-07
1 7  1.00000000003e-06
1 6  1.09799999992e-06
1 7  9.52000000054e-07
1 7  9.1999999996e-07
1 6  1.04700000003e-06
1 7  9.35000000091e-07
1 6  1.10200000003e-06
1 7  9.26999999984e-07
1 6  1.00000000003e-06
1 6  1.07900000001e-06
1 7  1.02000000002e-06
1 6  1.39200000004e-06
1 6  7.8300000006e-07
1 7  1.07699999996e-06
1 7  8.29999999952e-07
1 6  7.61000000016e-07
1 6  8.30000000063e-07
1 7  9.96000000031e-07
1 6  7.10999999987e-07
1 7  9.77000000013e-07
1 6  7.66999999957e-07
1 7  9.86999999952e-07
1 7  9.63000000076e-07
1 6  9.81999999983e-07
1 7  9.72000000043e-07
1 6  1.01900000005e-06
1 7  1.05699999997e-06
1 6  9.77000000013e-07
1 6  1.01799999996e-06
1 7  1.07999999999e-06
1 7  8.2899999998e-07
1 6  9.69000000017e-07
1 3  2.56899999995e-06
1 7  7.15999999956e-07
1 3  2.41400000001e-06
1 6  1.05299999997e-06
1 7  7.32999999919e-07
1 3  2.375e-06
1 6  7.59000000072e-07
1 7  7.35000000085e-07
1 3  2.45200000004e-06
1 6  9.70999999961e-07
1 7  7.20000000065e-07
1 3  2.39999999996e-06
1 6  9.70999999961e-07
1 7  6.95999999967e-07
1 3  2.36799999997e-06
1 6  9.54999999969e-07
1 7  7.12000000069e-07
1 3  2.36399999998e-06
1 6  9.85000000009e-07
1 7  7.30000000004e-07
1 1  9.79000000068e-07
1 3  2.60600000002e-06
1 6  1.001e-06
1 1  8.5400000005e-07
1 7  7.34999999974e-07
1 3  2.46999999998e-06
1 6  9.65000000019e-07
1 7  8.14000000071e-07
1 1  8.34000000061e-07
1 3  2.54600000005e-06
1 6  1.07900000001e-06
1 7  8.83999999979e-07
1 3  2.50099999999e-06
1 6  9.7500000007e-07
1 1  1.11999999997e-06
1 7  6.91999999969e-07
1 1  1.04099999998e-06
1 3  2.55399999993e-06
1 6  1.03800000006e-06
1 7  7.24000000063e-07
1 3  2.48800000002e-06
1 1  9.1499999999e-07
1 6  8.27000000037e-07
1 1  1.16999999999e-06
1 3  2.46199999998e-06
1 6  1.00400000003e-06
1 3  2.45399999999e-06
1 1  1.03100000004e-06
1 6  1.03600000001e-06
1 3  2.40899999993e-06
1 1  9.54999999969e-07
1 6  1.00800000002e-06
1 3  2.43199999994e-06
1 1  9.69999999989e-07
1 6  1.00999999997e-06
1 3  2.39599999996e-06
1 6  9.54999999969e-07
1 1  9.93000000005e-07
1 6  1.04000000001e-06
1 1  1.048e-06
1 3  2.33699999996e-06
1 3  2.28999999996e-06
1 1  1.05799999994e-06
1 6  1.02400000002e-06
1 6  9.72000000043e-07
1 3  2.40499999993e-06
1 1  9.97999999974e-07
1 3  2.62400000006e-06
1 6  9.53999999997e-07
1 3  2.214e-06
1 6  7.67000000068e-07
1 3  2.58399999997e-06
1 6  9.02000000025e-07
1 3  1.93900000001e-06
1 6  7.77000000007e-07
1 3  2.21e-06
1 6  9.02000000025e-07
1 3  2.40200000001e-06
1 6  9.36999999923e-07
1 3  2.61199999996e-06
1 6  1.13199999996e-06
1 3  2.36600000003e-06
1 6  9.81000000011e-07
1 3  2.40900000004e-06
1 6  9.76000000041e-07
1 3  2.33500000002e-06
1 6  9.53999999997e-07
1 3  2.36099999995e-06
1 6  9.7500000007e-07
1 3  2.21899999997e-06
1 6  7.80000000034e-07
1 3  9.65999999991e-07
1 6  1.01899999994e-06
1 3  1.04200000006e-06
1 6  1.09299999995e-06
1 3  9.29000000038e-07
1 6  9.94999999948e-07
1 2  1.79700000003e-06
1 6  1.01600000002e-06
1 3  9.39999999949e-07
1 2  1.69299999997e-06
1 3  9.85000000009e-07
1 6  1.00200000008e-06
1 2  1.64699999994e-06
1 3  1.02099999999e-06
1 6  9.80000000039e-07
1 2  2.44999999999e-06
1 3  9.3000000001e-07
1 6  9.87000000063e-07
1 2  2.43599999994e-06
1 3  9.2500000004e-07
1 6  9.97000000003e-07
1 2  2.42699999997e-06
1 3  9.50999999971e-07
1 6  1.01200000002e-06
1 2  2.25099999995e-06
1 3  8.09999999962e-07
1 6  7.81999999977e-07
1 2  2.38900000005e-06
1 3  9.71999999932e-07
1 6  9.92000000033e-07
1 2  2.31900000003e-06
1 3  8.85999999922e-07
1 6  9.08999999938e-07
1 2  2.17899999999e-06
1 3  7.53999999992e-07
1 6  7.65999999985e-07
1 3  7.49000000022e-07
1 2  2.20099999992e-06
1 6  7.51999999937e-07
1 2  2.39800000001e-06
1 3  9.29000000038e-07
1 6  1.001e-06
1 2  2.45900000007e-06
1 6  9.58999999967e-07
1 3  9.69000000017e-07
1 2  3.14099999998e-06
1 3  9.18000000016e-07
1 6  9.9099999995e-07
1 2  2.38899999994e-06
1 6  1.00799999991e-06
1 3  1.04899999998e-06
1 2  2.51600000001e-06
1 3  1.00700000005e-06
1 6  9.73999999987e-07
1 2  2.16099999995e-06
1 3  7.45000000024e-07
1 6  7.84000000031e-07
1 6  9.85000000009e-07
1 3  1.07199999999e-06
1 2  2.53100000003e-06
1 2  2.52899999997e-06
1 3  9.39000000089e-07
1 6  1.04099999998e-06
1 6  1.00699999994e-06
1 3  9.85000000009e-07
1 6  1.00199999997e-06
1 3  1.01699999999e-06
1 6  9.5500000008e-07
1 3  9.94999999948e-07
1 6  9.53999999997e-07
1 3  1.06899999996e-06
1 3  9.24999999929e-07
1 6  1.02700000004e-06
1 6  9.5e-07
1 3  1.115e-06
1 6  1.03299999998e-06
1 3  9.31999999954e-07
1 3  7.71999999927e-07
1 6  7.53999999992e-07
1 6  9.4500000003e-07
1 3  1.05700000008e-06
1 6  9.44999999919e-07
1 3  9.82000000094e-07
1 3  9.14000000019e-07
1 6  9.81000000011e-07
1 6  1.09899999989e-06
1 3  9.70999999961e-07
1 3  9.36000000062e-07
1 6  1.02999999996e-06
1 2  7.94000000082e-07
1 3  1.001e-06
1 6  9.80000000039e-07
1 2  7.51999999937e-07
1 3  1.02499999999e-06
1 6  9.74999999959e-07
1 2  7.09000000043e-07
1 6  1.01500000005e-06
1 3  9.46000000002e-07
1 2  9.17000000045e-07
1 3  9.79999999928e-07
1 6  1.01200000002e-06
1 3  7.45000000024e-07
1 6  7.59999999933e-07
1 2  9.42000000004e-07
1 6  1.06200000005e-06
1 3  9.49000000028e-07
1 2  1.01399999997e-06
1 6  1.10399999997e-06
1 2  1.11300000005e-06
1 3  1.02899999999e-06
1 2  9.2500000004e-07
1 3  9.97000000003e-07
1 6  1.02700000004e-06
1 6  1.0840000001e-06
1 3  1.07199999999e-06
1 2  1.13700000004e-06
1 3  9.32000000065e-07
1 2  9.65999999991e-07
1 6  1.04199999995e-06
1 2  9.36999999923e-07
1 3  1.04299999992e-06
1 6  1.00199999997e-06
1 3  9.22999999986e-07
1 6  9.99999999918e-07
1 2  9.85000000009e-07
1 6  1.00299999994e-06
1 3  9.74999999959e-07
1 2  1.01200000002e-06
1 2  1.27999999999e-06
1 6  1.06999999994e-06
1 3  1.10200000003e-06
1 6  7.57000000018e-07
1 2  7.92999999999e-07
1 3  1.009e-06
1 6  7.61999999987e-07
1 2  9.86999999952e-07
1 3  1.03499999993e-06
1 6  7.16000000067e-07
1 3  9.79000000068e-07
1 2  1.03200000001e-06
1 6  7.4800000005e-07
1 2  9.26999999984e-07
1 3  1.08199999993e-06
1 6  7.19999999954e-07
1 3  9.0499999994e-07
1 2  9.69000000017e-07
1 6  7.52000000048e-07
1 3  9.26000000012e-07
1 2  9.5e-07
1 6  7.41999999998e-07
1 3  9.1499999999e-07
1 2  9.57000000024e-07
1 6  7.49000000022e-07
1 2  1.07700000007e-06
1 3  9.24999999929e-07
1 6  8.27000000037e-07
1 2  9.42000000004e-07
1 3  1.05400000006e-06
1 5  1.05500000003e-06
1 5  6.5199999999e-07
1 5  8.50000000052e-07
1 6  7.92999999999e-07
1 2  9.5e-07
1 3  9.26000000012e-07
1 2  7.40000000055e-07
1 3  8.88999999948e-07
1 5  8.87999999977e-07
1 6  8.08000000019e-07
1 6  7.75000000064e-07
1 3  9.72999999904e-07
1 2  9.6000000005e-07
1 5  8.03000000049e-07
1 5  8.03000000049e-07
1 6  7.67000000068e-07
1 2  9.74999999959e-07
1 3  9.61000000022e-07
1 5  8.3900000003e-07
1 6  7.54999999963e-07
1 3  9.21999999903e-07
1 2  1.06700000002e-06
1 6  7.61999999987e-07
1 5  7.51999999937e-07
1 2  9.9000000009e-07
1 3  9.73000000015e-07
1 6  7.89999999973e-07
1 3  7.8300000006e-07
1 5  9.26000000012e-07
1 2  9.46999999973e-07
1 3  8.12000000017e-07
1 6  8.60999999963e-07
1 5  1.001e-06
1 2  9.69000000017e-07
1 3  7.41999999998e-07
1 6  7.73000000009e-07
1 5  1.02999999996e-06
1 2  9.53000000026e-07
1 6  7.40000000055e-07
1 3  7.86999999947e-07
1 5  9.61999999993e-07
1 2  9.57000000024e-07
1 6  7.81999999977e-07
1 3  7.89000000001e-07
1 5  9.44000000058e-07
1 2  9.53999999997e-07
1 5  8.24999999982e-07
1 2  8.29000000091e-07
1 3  8.1899999993e-07
1 6  7.84000000031e-07
1 3  8.8999999992e-07
1 6  8.26999999926e-07
1 5  9.5e-07
1 2  1.03500000004e-06
1 3  7.72000000038e-07
1 6  7.65000000014e-07
1 5  9.51999999943e-07
1 2  1.04700000003e-06
1 6  8.32000000006e-07
1 3  7.89999999973e-07
1 5  9.92000000033e-07
1 2  9.51999999943e-07
1 3  8.49999999941e-07
1 6  8.69999999931e-07
1 5  1.02099999999e-06
1 2  9.63999999937e-07
1 6  7.92000000027e-07
1 3  8.1899999993e-07
1 5  1.00199999997e-06
1 2  9.61999999993e-07
1 3  8.58999999909e-07
1 6  9.20000000071e-07
1 5  9.32000000065e-07
1 2  9.72999999904e-07
1 3  1.30799999998e-06
1 6  7.78999999951e-07
1 5  9.63000000076e-07
1 6  7.57000000018e-07
1 5  9.42000000004e-07
1 6  7.85000000003e-07
1 5  9.57000000024e-07
1 5  7.4299999997e-07
1 6  7.87000000058e-07
1 6  7.85000000003e-07
1 5  9.73999999987e-07
1 6  8.35000000032e-07
1 5  9.96999999892e-07
1 6  8.71000000013e-07
1 5  1.06700000002e-06
1 6  7.89000000001e-07
1 5  9.58999999967e-07
1 6  7.81999999977e-07
1 5  9.53000000026e-07
1 6  8.67999999987e-07
1 5  9.58999999967e-07
1 6  7.52000000048e-07
1 6  7.39999999944e-07
1 6  7.24000000063e-07
1 6  7.52000000048e-07
1 6  7.52999999909e-07
1 6  7.16999999928e-07
1 6  7.13999999902e-07
1 6  7.54999999963e-07
1 6  7.19999999954e-07
1 6  7.17000000039e-07
1 6  7.30999999976e-07
1 6  7.23000000091e-07
1 6  7.27000000089e-07
1 3  9.08999999938e-07
1 3  7.45000000024e-07
1 6  7.54999999963e-07
1 6  7.51999999937e-07
1 3  1.052e-06
1 6  7.0799999996e-07
1 3  9.61999999993e-07
1 6  7.22000000009e-07
1 3  9.70999999961e-07
1 3  8.87999999977e-07
1 3  8.90000000031e-07
1 3  8.98999999999e-07
1 3  9.3000000001e-07
1 3  9.14000000019e-07
1 3  8.90000000031e-07
1 3  7.81000000005e-07
1 3  1.009e-06
1 3  8.90000000031e-07
1 3  9.02000000025e-07
1 3  9.02000000025e-07
1 3  9.04000000079e-07
1 3  9.81999999983e-07
1 3  7.40999999915e-07
1 3  7.19999999954e-07
1 3  9.61000000022e-07
1 3  7.46999999968e-07
1 3  9.18999999988e-07
1 3  8.84999999951e-07
1 3  8.90000000031e-07
1 3  9.17000000045e-07
1 3  9.03999999968e-07
1 3  8.90000000031e-07
1 3  9.0499999994e-07
1 3  9.03999999968e-07
1 7  1.06199999994e-06
1 7  1.02499999999e-06
1 3  9.1499999999e-07
1 3  7.43999999941e-07
1 7  1.03500000004e-06
1 7  1.05699999997e-06
1 3  9.80000000039e-07
1 7  1.04100000009e-06
1 3  9.86999999952e-07
1 7  1.07999999999e-06
1 3  9.69999999989e-07
1 3  9.33000000036e-07
1 7  1.01699999999e-06
1 7  9.93999999976e-07
1 3  9.93000000005e-07
1 7  1.04599999995e-06
1 3  9.20000000071e-07
1 7  9.57999999995e-07
1 7  9.0499999994e-07
1 7  9.46999999973e-07
1 3  9.97000000003e-07
1 3  1.09999999998e-06
1 3  9.3000000001e-07
1 3  7.49000000022e-07
1 3  9.22000000014e-07
1 3  8.9999999997e-07
1 3  8.98999999999e-07
1 3  9.05000000051e-07
1 3  9.17000000045e-07
1 3  8.8400000009e-07
1 3  9.13000000047e-07
1 3  8.87000000005e-07
1 3  8.8400000009e-07
1 3  7.73999999981e-07
1 3  8.47000000026e-07
1 3  7.16999999928e-07
1 3  7.10000000015e-07
1 3  9.08000000077e-07
1 3  8.78000000037e-07
1 3  9.10000000021e-07
1 3  8.79999999981e-07
1 3  8.90000000031e-07
1 3  9.6000000005e-07
1 3  8.79999999981e-07
1 3  9.10000000021e-07
1 3  8.93000000057e-07
1 3  8.91000000003e-07
1 3  9.18999999988e-07
1 3  8.96999999944e-07
1 3  9.06999999994e-07
1 3  8.73999999929e-07
1 3  8.75000000011e-07
1 3  9.51999999943e-07
1 3  7.4800000005e-07
1 3  9.26999999984e-07
1 3  9.10000000021e-07
1 3  9.9599999992e-07
1 3  8.98000000027e-07
1 3  9.17000000045e-07
1 2  1.0789999999e-06
1 2  9.68000000046e-07
1 3  9.74999999959e-07
1 2  1.08899999995e-06
1 3  9.74999999959e-07
1 2  9.1499999999e-07
1 3  9.86999999952e-07
1 2  9.1499999999e-07
1 3  9.4500000003e-07
1 3  9.22000000014e-07
1 2  8.81999999924e-07
1 3  9.64999999908e-07
1 2  9.85000000009e-07
1 2  9.93999999976e-07
1 3  9.05999999912e-07
1 2  9.22999999986e-07
1 3  1.10600000003e-06
1 2  9.24999999929e-07
1 3  9.7500000007e-07
1 3  8.82000000035e-07
1 3  8.91000000003e-07
1 3  8.98999999999e-07
1 3  9.00000000081e-07
1 3  8.91999999975e-07
1 3  7.77000000007e-07
1 3  8.89000000059e-07
1 3  8.95999999972e-07
1 3  8.83000000007e-07
1 3  9.1999999996e-07
1 3  8.95000000001e-07
1 3  9.00000000081e-07
1 3  9.42999999975e-07
1 3  8.96999999944e-07
1 3  9.61999999993e-07
1 3  7.38999999972e-07
1 3  9.12000000075e-07
1 3  8.94000000029e-07
1 0  7.9899999994e-07
1 0  7.34000000002e-07
1 0  7.05000000045e-07
1 0  9.03999999968e-07
1 0  9.3000000001e-07
1 0  9.47000000084e-07
1 0  9.6000000005e-07
1 0  8.98000000027e-07
1 0  9.05000000051e-07
1 0  7.86000000086e-07
1 1  9.77000000013e-07
1 1  9.27999999956e-07
1 1  9.58999999967e-07
1 7  9.97000000003e-07
1 1  9.4000000006e-07
1 7  9.94999999948e-07
1 7  9.53999999997e-07
1 1  9.97999999974e-07
1 7  9.32000000065e-07
1 1  9.88000000035e-07
1 7  9.53999999997e-07
1 1  9.87000000063e-07
1 1  9.61999999993e-07
1 7  9.93999999976e-07
1 7  9.29000000038e-07
1 7  8.39000000141e-07
1 7  8.97000000055e-07
1 7  9.80000000039e-07
1 7  9.19000000099e-07
1 7  9.18999999877e-07
1 7  9.48999999917e-07
1 7  9.11999999964e-07
1 7  9.08999999938e-07
1 7  1.04099999998e-06
1 2  1.05000000006e-06
1 2  7.47999999939e-07
1 2  7.15000000096e-07
1 2  9.18000000016e-07
1 2  9.16999999934e-07
1 2  9.1499999999e-07
1 2  8.25000000093e-07
1 6  1.02699999993e-06
1 6  8.81000000064e-07
1 6  7.52999999909e-07
1 6  9.57000000135e-07
1 6  9.94999999948e-07
1 5  1.04000000012e-06
1 5  1.0399999999e-06
1 6  9.94999999948e-07
1 6  9.77999999874e-07
1 5  1.06399999988e-06
1 6  1.001e-06
1 5  1.13300000004e-06
1 5  1.00400000003e-06
1 6  1.05500000003e-06
1 5  1.14299999998e-06
1 6  1.22300000016e-06
1 5  9.30000000121e-07
1 6  9.94000000087e-07
1 5  7.40000000166e-07
1 6  8.56999999854e-07
1 5  9.4000000006e-07
1 6  9.81999999983e-07
1 3  1.09199999998e-06
1 5  9.27000000095e-07
1 6  9.86999999952e-07
1 3  1.07100000002e-06
1 5  1.03299999998e-06
1 6  1.05099999992e-06
1 3  1.03400000007e-06
1 5  9.87000000174e-07
1 3  9.94999999948e-07
1 6  1.009e-06
1 4  1.16000000006e-06
1 4  7.92999999888e-07
1 6  9.78999999957e-07
1 5  1.04000000012e-06
1 3  9.85000000009e-07
1 4  9.05000000051e-07
1 5  9.67999999935e-07
1 3  9.61000000022e-07
1 6  9.83999999926e-07
1 5  9.24000000069e-07
1 3  9.57999999995e-07
1 4  9.96999999892e-07
1 5  9.42999999864e-07
1 3  9.67999999935e-07
1 4  1.08500000007e-06
1 5  9.34999999869e-07
1 3  9.57000000135e-07
1 4  9.81999999983e-07
1 5  7.65000000014e-07
1 4  7.87999999918e-07
1 3  8.65000000072e-07
1 3  9.19000000099e-07
1 4  9.73000000126e-07
1 5  8.20000000123e-07
1 5  9.05000000051e-07
1 3  1.01799999985e-06
1 4  9.97000000114e-07
1 5  7.59000000183e-07
1 3  9.67999999935e-07
1 4  1.00800000014e-06
1 5  9.15999999851e-07
1 3  9.97000000114e-07
1 4  1.01499999983e-06
1 5  9.4000000006e-07
1 3  9.67999999935e-07
1 4  9.87000000174e-07
1 5  9.62000000104e-07
1 3  9.65999999991e-07
1 4  1.02199999996e-06
1 3  9.22000000125e-07
1 5  9.58999999856e-07
1 4  9.85000000009e-07
1 5  1.00699999983e-06
1 4  1.00499999989e-06
1 3  1.01200000002e-06
1 5  9.32000000065e-07
1 3  1.02499999999e-06
1 4  9.86999999952e-07
1 5  7.87000000058e-07
1 3  8.11999999906e-07
1 4  7.44999999913e-07
1 5  1.0319999999e-06
1 3  9.42000000004e-07
1 4  9.96999999892e-07
1 5  9.43999999947e-07
1 3  9.59000000078e-07
1 4  1.10999999992e-06
1 5  9.34000000008e-07
1 3  9.62999999965e-07
1 4  1.02699999993e-06
1 5  9.22999999986e-07
1 3  9.45999999891e-07
1 4  9.78999999957e-07
1 5  9.29000000038e-07
1 4  9.78999999957e-07
1 3  1.08499999985e-06
1 5  9.29999999899e-07
1 4  1.03200000012e-06
1 3  9.61999999882e-07
1 5  9.08999999938e-07
1 3  1.01000000008e-06
1 4  9.77999999874e-07
1 5  9.7599999993e-07
1 3  1.14800000017e-06
1 4  9.86999999952e-07
1 5  9.31999999843e-07
1 3  1.02299999982e-06
1 4  9.77000000013e-07
1 5  7.47999999939e-07
1 3  7.85999999975e-07
1 4  8.74999999789e-07
1 5  9.57999999995e-07
1 3  9.57999999995e-07
1 4  9.96000000031e-07
1 3  9.13000000047e-07
1 5  9.69999999878e-07
1 4  9.77000000013e-07
1 3  9.27999999956e-07
1 5  1.02199999996e-06
1 4  1.01000000008e-06
1 5  9.48999999917e-07
1 3  9.48000000056e-07
1 4  1.00299999994e-06
1 5  1.03900000004e-06
1 3  9.51000000082e-07
1 4  1.001e-06
1 5  9.83999999926e-07
1 3  9.59000000078e-07
1 4  9.85000000009e-07
1 5  1.03699999987e-06
1 3  9.5099999986e-07
1 4  9.93999999865e-07
1 5  9.32999999925e-07
1 3  1.07100000002e-06
1 4  1.06999999994e-06
1 5  9.46999999973e-07
1 4  9.87000000174e-07
1 3  9.78000000096e-07
1 5  7.82000000088e-07
1 4  8.81000000064e-07
1 3  7.96999999997e-07
1 5  9.10000000021e-07
1 3  9.4000000006e-07
1 4  9.64999999908e-07
1 5  9.38000000117e-07
1 3  9.4000000006e-07
1 4  9.97000000114e-07
1 5  1.00700000005e-06
1 4  9.78000000096e-07
1 3  1.00199999986e-06
1 5  1.04000000012e-06
1 4  1.02199999996e-06
1 3  9.67999999935e-07
1 4  9.91999999922e-07
1 5  1.0399999999e-06
1 3  9.85000000009e-07
1 5  9.27000000095e-07
1 3  9.37999999895e-07
1 4  1.02899999987e-06
1 5  9.08999999938e-07
1 4  1.07299999996e-06
1 3  1.13300000004e-06
1 5  9.42000000004e-07
1 4  1.09300000006e-06
1 3  9.91000000061e-07
1 5  9.19000000099e-07
1 4  1.01799999985e-06
1 3  9.62999999965e-07
1 5  7.34000000113e-07
1 3  7.49999999883e-07
1 4  8.02000000188e-07
1 5  1.03799999995e-06
1 4  9.94000000087e-07
1 5  9.73999999987e-07
1 4  9.77000000013e-07
1 5  1.04400000001e-06
1 4  9.91000000061e-07
1 5  9.37000000034e-07
1 4  1.11200000008e-06
1 5  8.8999999992e-07
1 5  8.57000000076e-07
1 5  6.96999999938e-07
1 5  7.01999999908e-07
1 5  9.48000000056e-07
1 5  7.37000000139e-07
1 5  9.62000000104e-07
1 5  8.86999999894e-07
1 5  9.24000000069e-07
1 5  9.16999999934e-07
1 5  8.9499999989e-07
1 7  9.43999999947e-07
1 7  8.07000000158e-07
1 7  7.83000000171e-07
1 7  9.22000000125e-07
1 7  9.61000000022e-07
1 7  9.37000000034e-07
1 7  1.21099999983e-06
1 7  1.04599999995e-06
1 7  7.84999999892e-07
1 7  1.01000000008e-06
1 7  9.00999999942e-07
1 7  9.06999999994e-07
1 7  9.1499999999e-07
1 7  9.05999999912e-07
1 7  9.26000000012e-07
1 7  9.77000000013e-07
1 7  9.27000000095e-07
1 7  9.72000000043e-07
1 7  7.30000000004e-07
1 7  9.46999999973e-07
1 7  9.30999999982e-07
1 7  9.1499999999e-07
1 7  9.02000000025e-07
1 7  9.51000000082e-07
1 7  1.05900000014e-06
1 7  1.02000000002e-06
1 7  9.30000000121e-07
1 7  9.79999999817e-07
1 7  7.36000000057e-07
1 7  9.35999999951e-07
1 7  9.1499999999e-07
1 7  9.56999999913e-07
1 7  8.95999999972e-07
1 7  9.6500000013e-07
1 7  9.37000000034e-07
1 7  9.37000000034e-07
1 7  9.25000000151e-07
1 7  9.19000000099e-07
1 7  7.42000000109e-07
1 7  8.99999999859e-07
1 7  9.26999999873e-07
1 7  9.86999999952e-07
1 7  9.16999999934e-07
1 7  9.16999999934e-07
1 7  8.98999999999e-07
1 7  8.92000000086e-07
1 7  9.35000000091e-07
1 7  9.20000000182e-07
1 7  8.25000000093e-07
1 7  9.43000000087e-07
1 3  9.93000000005e-07
1 7  9.26999999873e-07
1 3  9.87000000174e-07
1 3  9.13000000047e-07
1 7  9.64999999908e-07
1 7  9.4000000006e-07
1 3  9.67000000074e-07
1 7  9.96999999892e-07
1 3  1.02000000002e-06
1 7  9.43000000087e-07
1 3  9.34000000008e-07
1 7  1.11000000014e-06
1 3  9.37000000034e-07
1 3  9.4500000003e-07
1 7  9.69000000017e-07
1 7  1.02600000007e-06
1 3  9.61999999882e-07
1 7  7.31999999948e-07
1 3  8.70000000042e-07
1 7  9.77000000013e-07
1 3  1.009e-06
1 7  9.29999999899e-07
1 3  9.72000000043e-07
1 3  9.22000000125e-07
1 7  9.72999999904e-07
1 3  9.13000000047e-07
1 7  9.53000000026e-07
1 7  1.05699999997e-06
1 3  9.53999999886e-07
1 7  9.30999999982e-07
1 3  9.59999999939e-07
1 7  7.92000000027e-07
1 3  9.17000000156e-07
1 7  6.96999999938e-07
1 3  9.72000000043e-07
1 7  7.00000000187e-07
1 3  9.32999999925e-07
1 2  9.83000000065e-07
1 7  7.34999999974e-07
1 3  8.39000000141e-07
1 2  1.09400000015e-06
1 7  8.14000000071e-07
1 2  1.01800000007e-06
1 3  9.71999999821e-07
1 7  7.18999999982e-07
1 2  1.03700000009e-06
1 3  9.48999999917e-07
1 7  6.90000000025e-07
1 2  9.86000000092e-07
1 3  9.59000000078e-07
1 7  8.01999999966e-07
1 2  9.89999999979e-07
1 3  1.00199999986e-06
1 7  7.33000000031e-07
1 3  9.32000000065e-07
1 2  9.53999999886e-07
1 7  6.90999999886e-07
1 2  9.85000000009e-07
1 3  1.02000000002e-06
1 7  6.99000000104e-07
1 2  9.85000000009e-07
1 3  1.01799999985e-06
1 7  6.99999999965e-07
1 3  9.40999999921e-07
1 2  1.05299999986e-06
1 7  7.72000000149e-07
1 2  9.44999999808e-07
1 3  9.73000000126e-07
1 7  7.39999999944e-07
1 3  8.09999999962e-07
1 2  8.36999999976e-07
1 7  7.34999999974e-07
1 3  9.73999999987e-07
1 2  1.18599999999e-06
1 7  6.94999999995e-07
1 2  9.39999999838e-07
1 3  9.70999999961e-07
1 7  6.93000000052e-07
1 2  9.26999999873e-07
1 3  1.07299999996e-06
1 7  6.93000000052e-07
1 2  9.21000000043e-07
1 3  9.7500000007e-07
1 7  7.26999999978e-07
1 2  9.4000000006e-07
1 3  9.7500000007e-07
1 7  7.15000000096e-07
1 2  9.29000000038e-07
1 3  9.73000000126e-07
1 7  7.39999999944e-07
1 2  9.33000000147e-07
1 3  9.78999999957e-07
1 7  7.50999999966e-07
1 2  1.01200000002e-06
1 3  9.64000000048e-07
1 7  6.88999999943e-07
1 2  9.1499999999e-07
1 3  9.84000000148e-07
1 7  7.34999999974e-07
1 3  7.81999999866e-07
1 2  7.85000000114e-07
1 7  7.45000000135e-07
1 2  9.34000000008e-07
1 3  9.62000000104e-07
1 2  7.40000000166e-07
1 7  7.71000000066e-07
1 3  9.06999999994e-07
1 0  8.16999999875e-07
1 0  7.90000000084e-07
1 7  8.94000000029e-07
1 2  7.9800000008e-07
1 3  7.80000000145e-07
1 0  8.00999999884e-07
1 7  8.46999999915e-07
1 2  9.58999999856e-07
1 3  9.77000000013e-07
1 7  7.22999999869e-07
1 0  9.62000000104e-07
1 2  1.07599999999e-06
1 3  9.80000000039e-07
1 7  7.19999999843e-07
1 0  1.009e-06
1 2  9.54000000108e-07
1 3  9.92000000144e-07
1 7  7.81000000005e-07
1 2  1.02399999991e-06
1 3  9.65999999991e-07
1 0  9.56999999913e-07
1 7  7.73000000009e-07
1 3  9.32999999925e-07
1 2  9.29000000038e-07
1 0  9.9500000017e-07
1 7  7.7399999987e-07
1 0  9.61999999882e-07
1 2  1.01200000002e-06
1 3  9.57999999995e-07
1 0  2.07000000008e-06
1 2  7.38e-07
1 3  8.38999999919e-07
1 7  7.84999999892e-07
1 0  9.65999999991e-07
1 0  9.00999999942e-07
1 7  8.33000000089e-07
1 2  9.27000000095e-07
1 3  9.67999999935e-07
1 7  7.84999999892e-07
1 0  7.68999999901e-07
1 2  9.59999999939e-07
1 3  9.8599999987e-07
1 0  7.80000000145e-07
1 7  7.96999999997e-07
1 2  9.71999999821e-07
1 3  9.74999999848e-07
1 7  7.25000000035e-07
1 0  9.9500000017e-07
1 2  1.17200000016e-06
1 3  9.72000000043e-07
1 7  8.01999999966e-07
1 0  9.25000000151e-07
1 2  1.05500000003e-06
1 3  1.00199999986e-06
1 7  6.9700000016e-07
1 2  9.22999999986e-07
1 3  1.001e-06
1 0  9.81999999983e-07
1 7  7.90000000084e-07
1 2  9.41999999782e-07
1 3  1.05799999983e-06
1 0  1.009e-06
1 7  6.98999999882e-07
1 0  9.67000000074e-07
1 2  9.67000000074e-07
1 3  1.00200000008e-06
1 7  9.5e-07
1 0  1.22999999985e-06
1 3  1.20699999995e-06
1 2  1.20899999989e-06
1 0  1.56300000009e-06
1 0  1.75499999999e-06
1 7  7.33999999891e-07
1 0  8.55999999994e-07
1 3  8.87000000116e-07
1 2  8.94000000029e-07
1 7  7.34000000113e-07
1 0  7.93999999971e-07
1 2  9.57999999995e-07
1 3  1.00200000008e-06
1 0  7.37000000139e-07
1 7  7.44999999913e-07
1 2  9.65999999991e-07
1 3  1.01600000013e-06
1 7  8.97999999916e-07
1 0  8.63999999989e-07
1 3  9.1400000013e-07
1 2  9.59000000078e-07
1 0  7.47999999939e-07
1 7  9.18999999877e-07
1 2  9.5e-07
1 3  1.02699999993e-06
1 7  9.17000000156e-07
1 2  9.90000000201e-07
1 0  1.02199999996e-06
1 3  9.81999999983e-07
1 0  1.08870000002e-05
1 7  7.30000000004e-07
1 0  8.08999999879e-07
1 2  9.9500000017e-07
1 3  9.73999999987e-07
1 7  7.24999999813e-07
1 0  8.73000000068e-07
1 2  9.56999999913e-07
1 3  1.17799999999e-06
1 0  7.46999999857e-07
1 7  7.71000000066e-07
1 2  9.59999999939e-07
1 3  9.80000000039e-07
1 7  8.75000000011e-07
1 0  9.96999999892e-07
1 2  9.91999999922e-07
1 3  1.03799999995e-06
1 7  7.34000000113e-07
1 2  8.17000000097e-07
1 0  7.42000000109e-07
1 3  8.20999999984e-07
1 7  7.39000000083e-07
1 2  1.07299999996e-06
1 0  9.94000000087e-07
1 3  9.86000000092e-07
1 7  7.47999999939e-07
1 3  9.37000000034e-07
1 2  1.01899999994e-06
1 0  1.00800000014e-06
1 7  7.01999999908e-07
1 3  9.93000000005e-07
1 2  9.48000000056e-07
1 7  7.45000000135e-07
1 2  9.77999999874e-07
1 3  9.81999999983e-07
1 7  7.05000000156e-07
1 2  9.37000000034e-07
1 3  1.03299999998e-06
1 7  7.28999999922e-07
1 2  9.42000000004e-07
1 3  9.64000000048e-07
1 3  7.52000000048e-07
1 7  7.89999999862e-07
1 2  1.02300000004e-06
1 7  7.46999999857e-07
1 3  7.60000000044e-07
1 2  9.65999999991e-07
1 7  7.90999999944e-07
1 3  7.58000000101e-07
1 2  9.22000000125e-07
1 7  7.84999999892e-07
1 2  8.14999999932e-07
1 3  8.01999999966e-07
1 7  7.85999999975e-07
1 3  8.71000000124e-07
1 2  9.24000000069e-07
1 7  7.69999999983e-07
1 3  9.03999999968e-07
1 2  9.35999999951e-07
1 7  7.34999999974e-07
1 3  7.52999999909e-07
1 2  9.46999999973e-07
1 3  7.53999999992e-07
1 7  7.39999999944e-07
1 2  9.38999999978e-07
1 7  7.26999999978e-07
1 3  7.70999999844e-07
1 2  9.51000000082e-07
1 7  7.28000000061e-07
1 3  8.27000000037e-07
1 2  9.390000002e-07
1 3  7.60000000044e-07
1 7  7.84000000031e-07
1 2  9.59999999939e-07
1 3  7.45000000135e-07
1 7  7.44999999913e-07
1 2  9.72000000043e-07
1 7  7.20000000065e-07
1 3  8.36999999976e-07
1 2  9.1499999999e-07
1 2  7.52000000048e-07
1 7  7.34999999974e-07
1 3  7.9300000011e-07
1 7  7.84000000031e-07
1 3  8.86000000033e-07
1 2  7.74999999953e-07
1 2  7.41999999887e-07
1 7  8.01000000106e-07
1 3  8.20000000123e-07
1 7  7.34999999974e-07
1 3  7.61000000127e-07
1 2  8.41000000085e-07
1 3  7.64000000153e-07
1 2  7.34999999974e-07
1 7  8.44000000111e-07
1 3  7.53999999992e-07
1 7  7.82999999949e-07
1 7  7.39000000083e-07
1 3  7.57000000018e-07
1 7  7.25000000035e-07
1 3  7.61999999987e-07
1 7  7.47999999939e-07
1 3  7.71000000066e-07
1 3  7.9800000008e-07
1 7  8.14999999932e-07
1 7  7.35000000196e-07
1 3  7.74999999953e-07
1 7  7.26000000117e-07
1 3  7.93999999971e-07
1 7  7.45000000135e-07
1 3  8.1800000018e-07
1 7  7.72000000149e-07
1 3  8.01999999966e-07
1 7  7.29000000144e-07
1 3  7.61999999987e-07
1 7  7.26999999978e-07
1 3  8.17000000097e-07
1 7  7.489999998e-07
1 3  7.56000000157e-07
1 7  7.25000000035e-07
1 3  8.08000000019e-07
1 7  7.23000000091e-07
1 3  7.92000000027e-07
1 7  7.71999999927e-07
1 3  8.95999999972e-07
1 7  8.55999999994e-07
1 3  8.27000000037e-07
1 3  7.47000000079e-07
1 7  8.19999999901e-07
1 7  8.14000000071e-07
1 3  7.65000000014e-07
1 7  7.69000000123e-07
1 3  7.69000000123e-07
1 3  7.45999999996e-07
1 7  7.84000000031e-07
1 7  7.179999999e-07
1 3  8.51999999885e-07
1 3  7.82000000088e-07
1 7  7.95000000053e-07
1 7  7.17000000039e-07
1 3  7.66000000096e-07
1 7  7.23999999952e-07
1 3  7.57000000018e-07
1 7  8.03000000049e-07
1 7  7.38e-07
1 7  6.94999999995e-07
1 7  6.90000000025e-07
1 7  7.01999999908e-07
1 7  7.04000000074e-07
1 1  1.0319999999e-06
1 1  8.38000000059e-07
1 1  1.08200000004e-06
1 1  9.7599999993e-07
1 1  9.94000000087e-07
1 1  1.02099999988e-06
1 1  1.05899999991e-06
1 1  9.89000000118e-07
1 1  9.13999999907e-07
1 6  1.05699999997e-06
1 1  1.00500000011e-06
1 6  8.32999999867e-07
1 1  1.00199999986e-06
1 1  7.54999999852e-07
1 6  8.76000000094e-07
1 1  9.62000000104e-07
1 6  1.04300000014e-06
1 6  9.86999999952e-07
1 1  1.0119999998e-06
1 1  9.93999999865e-07
1 6  1.05000000006e-06
1 6  1.09600000009e-06
1 1  1.02899999987e-06
1 6  9.24999999929e-07
1 6  9.4500000003e-07
1 6  9.11999999964e-07
1 6  9.02000000025e-07
1 6  9.69000000017e-07
1 6  7.84999999892e-07
1 6  9.27999999956e-07
1 6  9.29000000038e-07
1 6  9.29000000038e-07
1 6  9.27000000095e-07
1 6  9.71999999821e-07
1 6  9.22999999986e-07
1 6  9.21000000043e-07
1 1  7.79999999923e-07
1 6  9.97000000114e-07
1 1  7.4299999997e-07
1 6  9.61999999882e-07
1 1  7.59999999822e-07
1 6  8.08999999879e-07
1 6  9.64000000048e-07
1 1  9.83000000065e-07
1 6  9.82999999843e-07
1 1  1.01699999999e-06
1 1  9.59999999939e-07
1 6  1.06300000002e-06
1 6  9.53999999886e-07
1 1  1.08800000009e-06
1 6  9.61999999882e-07
1 1  1.08300000012e-06
1 1  1.0399999999e-06
1 6  9.93000000005e-07
1 6  9.21999999903e-07
1 6  9.7500000007e-07
1 4  1.12100000016e-06
1 4  8.3399999995e-07
1 6  9.4500000003e-07
1 6  8.3499999981e-07
1 4  9.7599999993e-07
1 4  1.09900000012e-06
1 6  1.24999999995e-06
1 6  9.6500000013e-07
1 4  1.06699999991e-06
1 6  9.56000000052e-07
1 4  1.01699999999e-06
1 4  1.18999999987e-06
1 6  1.01500000005e-06
1 6  9.47000000195e-07
1 4  1.16000000006e-06
1 6  1.02700000015e-06
1 4  1.10700000011e-06
1 4  1.0290000001e-06
1 6  9.96999999892e-07
1 6  9.77000000013e-07
1 4  9.99000000057e-07
1 6  9.64999999908e-07
1 4  1.01499999983e-06
1 6  7.57000000018e-07
1 4  7.94999999831e-07
1 6  9.54999999969e-07
1 4  9.83999999926e-07
1 6  9.37000000034e-07
1 4  9.81999999983e-07
1 6  1.00300000017e-06
1 4  1.01599999991e-06
1 6  1.05399999994e-06
1 4  1.06799999999e-06
1 6  9.57999999995e-07
1 4  9.91000000061e-07
1 4  9.97000000114e-07
1 6  1.12399999996e-06
1 6  9.80000000039e-07
1 4  9.92000000144e-07
1 6  9.86000000092e-07
1 4  1.02699999993e-06
1 6  9.54999999969e-07
1 4  9.92000000144e-07
1 4  7.49000000022e-07
1 6  8.2899999998e-07
1 4  9.94999999948e-07
1 6  1.01500000005e-06
1 6  9.56999999913e-07
1 4  1.001e-06
1 4  1.052e-06
1 6  9.46999999973e-07
1 6  9.26000000012e-07
1 6  1.03600000001e-06
1 6  9.11999999964e-07
1 6  9.60000000161e-07
1 6  7.179999999e-07
1 6  7.1299999993e-07
1 6  7.6800000004e-07
1 6  7.81999999866e-07
1 6  7.20000000065e-07
1 6  7.6300000007e-07
1 6  7.18000000122e-07
1 6  7.42000000109e-07
1 6  7.50999999966e-07
1 6  7.44999999913e-07
1 6  7.17000000039e-07
1 6  9.32000000065e-07
1 6  7.57000000018e-07
1 6  7.22000000009e-07
1 3  9.69999999878e-07
1 6  7.14999999873e-07
1 3  9.54000000108e-07
1 6  7.41999999887e-07
1 3  9.87000000174e-07
1 6  7.1299999993e-07
1 3  1.02399999991e-06
1 6  7.82000000088e-07
1 3  9.21999999903e-07
1 6  8.3399999995e-07
1 3  9.34000000008e-07
1 6  7.179999999e-07
1 3  9.30000000121e-07
1 6  8.01999999966e-07
1 3  9.35000000091e-07
1 6  7.4399999983e-07
1 3  9.21000000043e-07
1 3  7.79000000062e-07
1 6  7.95000000053e-07
1 6  7.52000000048e-07
1 7  8.78999999898e-07
1 3  1.07100000002e-06
1 7  8.57000000076e-07
1 6  7.76000000036e-07
1 3  9.89999999979e-07
1 6  7.92000000027e-07
1 7  8.98999999999e-07
1 3  1.04599999995e-06
1 6  7.59000000183e-07
1 3  9.21999999903e-07
1 7  1.10999999992e-06
1 6  8.57000000076e-07
1 7  1.10499999995e-06
1 3  9.46999999973e-07
1 6  7.15000000096e-07
1 7  1.09800000003e-06
1 3  9.29000000038e-07
1 6  7.53999999992e-07
1 7  1.0039999998e-06
1 3  9.86999999952e-07
1 6  7.26999999978e-07
1 7  1.07400000005e-06
1 3  9.37000000034e-07
1 7  1.04599999995e-06
1 3  7.33099999994e-06
1 7  7.53000000131e-07
1 6  8.27000000037e-07
1 3  8.35999999893e-07
1 7  7.34999999974e-07
1 3  7.81000000005e-07
1 6  8.52000000107e-07
1 7  7.3200000017e-07
1 6  7.65000000014e-07
1 3  9.24000000069e-07
1 7  7.26999999978e-07
1 6  7.9800000008e-07
1 3  9.54000000108e-07
1 6  7.95000000053e-07
1 3  9.83999999926e-07
1 7  9.92000000144e-07
1 6  7.179999999e-07
1 7  9.62999999965e-07
1 3  9.62000000104e-07
1 7  1.01800000007e-06
1 7  9.42999999864e-07
1 7  1.03600000001e-06
1 7  9.1499999999e-07
1 7  9.78000000096e-07
1 7  7.36999999917e-07
1 7  8.62999999907e-07
1 7  7.28999999922e-07
1 7  7.54999999852e-07
1 7  9.82999999843e-07
1 7  9.77000000013e-07
1 7  9.32000000065e-07
1 7  9.29000000038e-07
1 7  1.00000000014e-06
1 7  9.85000000009e-07
1 7  7.34999999974e-07
1 7  9.16999999934e-07
1 7  9.67000000074e-07
1 7  9.27999999956e-07
1 7  9.64000000048e-07
1 7  9.54999999969e-07
1 7  1.02499999999e-06
1 7  9.57000000135e-07
1 6  1.00299999994e-06
1 7  9.57000000135e-07
1 6  9.700000001e-07
1 7  1.01699999999e-06
1 6  1.009e-06
1 7  7.37000000139e-07
1 6  8.79999999981e-07
1 6  1.32399999986e-06
1 6  7.77000000118e-07
1 7  1.07499999991e-06
1 6  9.21999999903e-07
1 7  1.09699999995e-06
1 7  7.38999999861e-07
1 6  7.64000000153e-07
1 7  7.30000000004e-07
1 6  7.68999999901e-07
1 7  9.46999999973e-07
1 6  1.01699999999e-06
1 6  9.62000000104e-07
1 7  9.94999999948e-07
1 6  9.53999999886e-07
1 7  1.09999999998e-06
1 7  9.48999999917e-07
1 6  1.00700000005e-06
1 7  1.07899999979e-06
1 6  9.99999999918e-07
1 7  7.85000000114e-07
1 6  8.0399999991e-07
1 6  9.62999999965e-07
1 7  1.01799999985e-06
1 7  1.05399999994e-06
1 6  1.00500000011e-06
1 6  9.61999999882e-07
1 7  1.01399999997e-06
1 7  9.66999999852e-07
1 6  1.03299999998e-06
1 7  1.00200000008e-06
1 6  9.91999999922e-07
1 7  1.04400000001e-06
1 6  1.001e-06
1 7  9.74999999848e-07
1 7  9.12999999825e-07
1 7  9.1499999999e-07
1 2  9.10000000021e-07
1 2  7.77000000118e-07
1 2  7.60000000044e-07
1 2  9.11999999964e-07
1 2  8.93999999807e-07
1 2  9.09999999799e-07
1 2  7.50999999966e-07
1 2  9.700000001e-07
1 2  9.33999999786e-07
1 2  9.09999999799e-07
1 2  9.08000000077e-07
1 5  8.36999999976e-07
1 5  8.01999999966e-07
1 5  9.27000000095e-07
1 5  7.23999999952e-07
1 5  7.55000000074e-07
1 5  9.69999999878e-07
1 5  8.04999999993e-07
1 5  6.99999999965e-07
1 5  8.62999999907e-07
1 3  1.07700000007e-06
1 3  1.04200000006e-06
1 3  9.73000000126e-07
1 3  8.45000000194e-07
1 3  9.35000000091e-07
1 3  9.60000000161e-07
1 3  9.67000000074e-07
1 3  9.4500000003e-07
1 3  9.29000000038e-07
1 3  1.01200000002e-06
1 3  9.4000000006e-07
